example/processed/dLMG1701_004.cnv
* Sea-Bird SBE 9 Data File:
* FileName = C:\Data\CTD\LMG1701\Raw\LMG1701_004.hex
* Software Version Seasave V 7.26.1.8
* Temperature SN = 4573
* Conductivity SN = 2065
* Number of Bytes Per Scan = 37
* Number of Voltage Words = 4
* Number of Scans Averaged by the Deck Unit = 1
* NMEA Latitude = 64 55.95 S
* NMEA Longitude = 064 35.76 W
* NMEA UTC (Time) = Jan 08 2017  08:18:12
* NMEA baud rate = 4800
# nquan = 30
# nvalues = 1210                        
# units = specified
# name 0 = prDM: Pressure, Digiquartz [db]
# name 1 = depSM: Depth [salt water, m]
# name 2 = t090C: Temperature [ITS-90, deg C]
# name 3 = c0mS/cm: Conductivity [mS/cm]
# name 4 = t190C: Temperature, 2 [ITS-90, deg C]
# name 5 = c1mS/cm: Conductivity, 2 [mS/cm]
# name 6 = sbeox0ML/L: Oxygen, SBE 43 [ml/l]
# name 7 = sbeox1ML/L: Oxygen, SBE 43, 2 [ml/l]
# name 8 = flECO-AFL: Fluorescence, WET Labs ECO-AFL/FL [mg/m^3]
# name 9 = CStarTr0: Beam Transmission, WET Labs C-Star [%]
# name 10 = par: PAR/Irradiance, Biospherical/Licor
# name 11 = latitude: Latitude [deg]
# name 12 = longitude: Longitude [deg]
# name 13 = timeJ: Julian Days
# name 14 = altM: Altimeter [m]
# name 15 = timeS: Time, Elapsed [seconds]
# name 16 = scan: Scan Count
# name 17 = density00: Density [density, kg/m^3]
# name 18 = density11: Density, 2 [density, kg/m^3]
# name 19 = sbox0Mm/Kg: Oxygen, SBE 43 [umol/kg]
# name 20 = sbox1Mm/Kg: Oxygen, SBE 43, 2 [umol/kg]
# name 21 = sbeox0PS: Oxygen, SBE 43 [% saturation]
# name 22 = sbeox1PS: Oxygen, SBE 43, 2 [% saturation]
# name 23 = sbeox0ML/Ldiff: Oxygen, SBE 43, Diff, 2 - 1 [ml/l]
# name 24 = sal00: Salinity, Practical [PSU]
# name 25 = sal11: Salinity, Practical, 2 [PSU]
# name 26 = density00: Density [density, kg/m^3]
# name 27 = density11: Density, 2 [density, kg/m^3]
# name 28 = nbin: number of scans per bin
# name 29 = flag: flag
# span 0 =      5.000,   1215.000       
# span 1 =      4.946,   1199.591       
# span 2 =    -0.3627,     2.6967       
# span 3 =  28.022500,  30.547077       
# span 4 =    -0.3615,     2.7082       
# span 5 =  28.025667,  30.548042       
# span 6 =     3.9264,     7.8295       
# span 7 =     3.9847,     7.9738       
# span 8 =    -0.0414,     3.2927       
# span 9 =    74.3332,    99.2651       
# span 10 = 2.9691e-02, 2.3359e+01      
# span 11 =  -64.94519,  -64.93276      
# span 12 =  -64.60679,  -64.59444      
# span 13 =   8.349594,   8.370109      
# span 14 =     -23.27,     102.02      
# span 15 =    312.893,   1972.973      
# span 16 =       7510,      47352      
# span 17 =  1026.7245,  1033.6202      
# span 18 =  1026.7244,  1033.6202      
# span 19 =    170.679,    340.803      
# span 20 =    173.032,    347.094      
# span 21 =     50.711,    103.288      
# span 22 =     51.416,    104.765      
# span 23 =     0.0335,     0.1819      
# span 24 =    33.4724,    34.6985      
# span 25 =    33.4757,    34.6986      
# span 26 =  1026.7247,  1033.6202      
# span 27 =  1026.7248,  1033.6202      
# span 28 =         12,        101      
# span 29 = 0.0000e+00, 0.0000e+00      
# interval = decibars: 1                
# start_time = Jan 08 2017 08:18:12 [NMEA time, header]
# bad_flag = -9.990e-29
*END*
[from data line 291]
    296.000    292.890     1.0800  29.819386     1.0808  29.820674     4.2549     4.3049    -0.0164    98.8853 -9.990e-29  -64.93306  -64.59738   8.355503      98.65    823.434      19763  1029.1389  1029.1395    184.734    187.251     54.432     55.175     0.0579    34.6288    34.6296  1029.1391  1029.1396         33 0.0000e+00
    297.000    293.875     1.0803  29.820062     1.0807  29.821046     4.2567     4.3097    -0.0166    98.9209 -9.990e-29  -64.93306  -64.59739   8.355518      98.65    824.741      19795  1029.1436  1029.1443    184.824    187.351     54.459     55.205     0.0581    34.6288    34.6297  1029.1437  1029.1444         29 0.0000e+00
    298.000    294.864     1.0826  29.823050     1.0831  29.824372     4.2510     4.3102    -0.0166    98.9308 -9.990e-29  -64.93306  -64.59740   8.355531      98.66    825.852      19821  1029.1485  1029.1493    184.826    187.327     54.463     55.201     0.0576    34.6296    34.6307  1029.1489  1029.1497         25 0.0000e+00
    299.000    295.856     1.0842  29.825208     1.0848  29.826612     4.2478     4.3103    -0.0313    98.8576 -9.990e-29  -64.93306  -64.59741   8.355542      98.66    826.846      19845  1029.1534  1029.1543    184.829    187.050     54.466     55.122     0.0511    34.6299    34.6310  1029.1537  1029.1546         23 0.0000e+00
    300.000    296.848     1.0852  29.826561     1.0859  29.827949     4.2492     4.3109    -0.0198    98.9083 -9.990e-29  -64.93306  -64.59742   8.355554      98.66    827.830      19869  1029.1582  1029.1590    184.768    186.937     54.450     55.090     0.0499    34.6300    34.6310  1029.1585  1029.1592         25 0.0000e+00
    301.000    297.838     1.0859  29.827918     1.0864  29.829161     4.2471     4.3094    -0.0322    98.8731 -9.990e-29  -64.93306  -64.59742   8.355567      98.66    828.952      19896  1029.1631  1029.1639    185.014    187.176     54.523     55.162     0.0498    34.6304    34.6314  1029.1634  1029.1641         30 0.0000e+00
    302.000    298.823     1.0875  29.829913     1.0881  29.831153     4.2441     4.3005 -9.990e-29    98.8906 -9.990e-29  -64.93306  -64.59744   8.355583      98.66    830.358      19930  1029.1679  1029.1686    184.829    187.290     54.471     55.198     0.0566    34.6306    34.6316  1029.1681  1029.1689         37 0.0000e+00
    303.000    299.809     1.0892  29.832050     1.0899  29.833434     4.2451     4.3126 -9.990e-29    98.9173 -9.990e-29  -64.93306  -64.59745   8.355600      98.66    831.882      19966  1029.1727  1029.1734    184.602    187.305     54.407     55.205     0.0622    34.6309    34.6318  1029.1729  1029.1736         34 0.0000e+00
    304.000    300.794     1.0888  29.832151     1.0895  29.833553     4.2456     4.3083    -0.0166    98.9157 -9.990e-29  -64.93306  -64.59746   8.355615      98.66    833.116      19996  1029.1775  1029.1783    184.625    187.332     54.413     55.212     0.0623    34.6309    34.6319  1029.1777  1029.1784         26 0.0000e+00
    305.000    301.789     1.0885  29.832413     1.0892  29.833806     4.2480     4.3049    -0.0166    98.9225 -9.990e-29  -64.93306  -64.59746   8.355626      98.66    834.089      20019  1029.1823  1029.1831    184.543    187.263     54.388     55.192     0.0626    34.6309    34.6320  1029.1824  1029.1832         21 0.0000e+00
    306.000    302.777     1.0895  29.833911     1.0901  29.835255     4.2453     4.3062    -0.0166    98.9292 -9.990e-29  -64.93306  -64.59747   8.355636      98.66    834.972      20040  1029.1871  1029.1878    184.463    186.870     54.366     55.077     0.0554    34.6312    34.6322  1029.1873  1029.1880         22 0.0000e+00
    307.000    303.770     1.0898  29.834686     1.0905  29.836062     4.2438     4.3022    -0.0215    98.9133 -9.990e-29  -64.93306  -64.59748   8.355647      98.66    835.921      20063  1029.1918  1029.1926    184.411    186.987     54.352     55.112     0.0593    34.6312    34.6322  1029.1920  1029.1927         25 0.0000e+00
    308.000    304.758     1.0902  29.835505     1.0909  29.836795     4.2397     4.2981    -0.0331    98.9189 -9.990e-29  -64.93306  -64.59750   8.355661      98.66    837.151      20093  1029.1965  1029.1972    184.455    187.382     54.365     55.229     0.0674    34.6313    34.6322  1029.1967  1029.1974         34 0.0000e+00
    309.000    305.744     1.0914  29.837275     1.0921  29.838511     4.2439     4.2980    -0.0152    98.8922 -9.990e-29  -64.93306  -64.59751   8.355679      98.66    838.673      20129  1029.2014  1029.2020    184.562    187.136     54.398     55.158     0.0592    34.6316    34.6325  1029.2016  1029.2023         37 0.0000e+00
    310.000    306.729     1.0923  29.838672     1.0930  29.840025     4.2410     4.2820    -0.0207    98.9226 -9.990e-29  -64.93306  -64.59752   8.355696      98.66    840.136      20164  1029.2062  1029.2069    184.483    187.099     54.376     55.149     0.0602    34.6319    34.6328  1029.2065  1029.2071         32 0.0000e+00
    311.000    307.719     1.0933  29.840195     1.0939  29.841513     4.2418     4.2889    -0.0190    98.9270 -9.990e-29  -64.93306  -64.59752   8.355710      98.66    841.331      20193  1029.2111  1029.2118    184.323    186.837     54.331     55.073     0.0579    34.6321    34.6331  1029.2113  1029.2120         26 0.0000e+00
    312.000    308.707     1.0940  29.841401     1.0946  29.842651     4.2411     4.2962    -0.0332    98.9136 -9.990e-29  -64.93306  -64.59754   8.355721      98.66    842.338      20217  1029.2158  1029.2165    184.216    186.769     54.300     55.054     0.0588    34.6324    34.6332  1029.2161  1029.2167         23 0.0000e+00
    313.000    309.700     1.0952  29.843103     1.0959  29.844414     4.2421     4.2967    -0.0339    98.9137 -9.990e-29  -64.93306  -64.59754   8.355732      98.66    843.266      20239  1029.2207  1029.2213    184.352    186.905     54.342     55.096     0.0588    34.6326    34.6335  1029.2209  1029.2216         22 0.0000e+00
    314.000    310.694     1.0959  29.844267     1.0965  29.845569     4.2417     4.2939    -0.0182    98.9137 -9.990e-29  -64.93306  -64.59754   8.355744      98.66    844.263      20263  1029.2255  1029.2263    184.408    186.439     54.360     54.960     0.0467    34.6328    34.6338  1029.2257  1029.2264         27 0.0000e+00
    315.000    311.678     1.0966  29.845450     1.0974  29.846637     4.2407     4.2835    -0.0166    98.9204 -9.990e-29  -64.93306  -64.59757   8.355761      98.66    845.740      20299  1029.2302  1029.2307    184.310    186.218     54.332     54.896     0.0439    34.6328    34.6336  1029.2304  1029.2309         45 0.0000e+00
    316.000    312.661     1.0970  29.846348     1.0978  29.847758     4.2378     4.2893    -0.0166    98.9259 -9.990e-29  -64.93307  -64.59762   8.355781      98.66    847.514      20341  1029.2350  1029.2357    184.304    186.693     54.331     55.037     0.0550    34.6330    34.6339  1029.2352  1029.2359         35 0.0000e+00
    317.000    313.649     1.0978  29.847782     1.0985  29.849097     4.2365     4.2983    -0.0166    98.9145 -9.990e-29  -64.93308  -64.59763   8.355796      98.66    848.732      20371  1029.2399  1029.2406    184.381    186.721     54.355     55.046     0.0538    34.6334    34.6343  1029.2401  1029.2409         25 0.0000e+00
    318.000    314.642     1.0988  29.849202     1.0995  29.850458     4.2399     4.2973    -0.0166    98.9197 -9.990e-29  -64.93308  -64.59764   8.355807      98.66    849.689      20394  1029.2447  1029.2453    184.251    186.364     54.318     54.942     0.0486    34.6336    34.6344  1029.2449  1029.2455         22 0.0000e+00
    319.000    315.634     1.0999  29.850840     1.1006  29.852092     4.2376     4.2969    -0.0166    98.9060 -9.990e-29  -64.93308  -64.59765   8.355818      98.66    850.644      20416  1029.2496  1029.2502    184.315    186.084     54.338     54.861     0.0407    34.6339    34.6347  1029.2498  1029.2504         24 0.0000e+00
    320.000    316.621     1.1008  29.852595     1.1014  29.853794     4.2342     4.3006    -0.0166    98.8903 -9.990e-29  -64.93308  -64.59767   8.355830      98.66    851.719      20442  1029.2545  1029.2552    184.228    186.261     54.314     54.915     0.0468    34.6345    34.6354  1029.2549  1029.2556         28 0.0000e+00
    321.000    317.609     1.1029  29.855027     1.1037  29.856433     4.2238     4.2903    -0.0336    98.9137 -9.990e-29  -64.93308  -64.59768   8.355844      98.66    852.919      20471  1029.2593  1029.2601    184.091    186.506     54.277     54.990     0.0556    34.6347    34.6357  1029.2596  1029.2603         29 0.0000e+00
    322.000    318.598     1.1045  29.856971     1.1053  29.858396     4.2259     4.2797    -0.0336    98.9235 -9.990e-29  -64.93308  -64.59768   8.355858      98.66    854.155      20501  1029.2641  1029.2648    184.168    186.775     54.302     55.072     0.0600    34.6349    34.6358  1029.2644  1029.2650         30 0.0000e+00
    323.000    319.588     1.1053  29.858370     1.1058  29.859644     4.2300     4.2766 -9.990e-29    98.9233 -9.990e-29  -64.93308  -64.59770   8.355873      98.66    855.438      20532  1029.2690  1029.2698    184.168    186.709     54.303     55.054     0.0585    34.6353    34.6363  1029.2693  1029.2701         33 0.0000e+00
    324.000    320.573     1.1030  29.856538     1.1050  29.858960     4.2332     4.2788 -9.990e-29    98.9223 -9.990e-29  -64.93308  -64.59772   8.355890      98.66    856.907      20567  1029.2738  1029.2745    183.895    186.857     54.219     55.096     0.0682    34.6348    34.6357  1029.2738  1029.2744         37 0.0000e+00
    325.000    321.560     1.1020  29.856706     1.1028  29.857856     4.2283     4.2809    -0.0325    98.9254 2.9724e-02  -64.93306  -64.59776   8.355908      98.66    858.422      20603  1029.2789  1029.2794    183.576    186.170     54.124     54.890     0.0597    34.6355    34.6362  1029.2791  1029.2796         34 0.0000e+00
    326.000    322.548     1.1063  29.861950     1.1068  29.863044     4.2177     4.2904    -0.0196    98.9157 2.9724e-02  -64.93306  -64.59779   8.355922      98.66    859.665      20633  1029.2842  1029.2849    183.636    185.895     54.148     54.815     0.0520    34.6369    34.6378  1029.2846  1029.2853         27 0.0000e+00
    327.000    323.539     1.1091  29.865746     1.1094  29.866660     4.2138     4.2756    -0.0337    98.9094 2.9724e-02  -64.93306  -64.59782   8.355934      98.66    860.720      20658  1029.2895  1029.2901    183.877    185.806     54.224     54.793     0.0444    34.6382    34.6389  1029.2901  1029.2907         24 0.0000e+00
    328.000    324.531     1.1157  29.873202     1.1156  29.873777     4.2179     4.2705    -0.0169    98.9342 2.9724e-02  -64.93306  -64.59784   8.355946      98.66    861.711      20682  1029.2948  1029.2954    183.952    185.962     54.255     54.848     0.0463    34.6398    34.6406  1029.2956  1029.2963         24 0.0000e+00
    329.000    325.523     1.1193  29.876632     1.1200  29.877958     4.2103     4.2656    -0.0199    98.9427 2.9724e-02  -64.93306  -64.59784   8.355958      98.66    862.784      20708  1029.2995  1029.3002    183.878    185.960     54.239     54.854     0.0479    34.6396    34.6406  1029.2999  1029.3007         28 0.0000e+00
    330.000    326.507     1.1199  29.877731     1.1205  29.878792     4.2102     4.2629    -0.0322    98.9614 -9.990e-29  -64.93306  -64.59786   8.355974      98.66    864.176      20741  1029.3043  1029.3048    183.471    186.250     54.119     54.941     0.0640    34.6398    34.6404  1029.3047  1029.3052         39 0.0000e+00
    331.000    327.491     1.1207  29.879429     1.1213  29.880411     4.2096     4.2708    -0.0163    98.9581 -9.990e-29  -64.93306  -64.59787   8.355993      98.66    865.824      20781  1029.3094  1029.3099    183.104    185.836     54.013     54.820     0.0629    34.6405    34.6412  1029.3099  1029.3104         35 0.0000e+00
    332.000    328.480     1.1249  29.884458     1.1255  29.885646     4.2099     4.2594    -0.0166    98.9605 -9.990e-29  -64.93306  -64.59788   8.356007      98.66    867.042      20810  1029.3147  1029.3153    183.302    185.520     54.077     54.733     0.0510    34.6417    34.6426  1029.3153  1029.3159         26 0.0000e+00
    333.000    329.473     1.1261  29.886292     1.1269  29.887582     4.2067     4.2629    -0.0166    98.9221 -9.990e-29  -64.93306  -64.59790   8.356019      98.66    868.031      20834  1029.3198  1029.3204    182.838    185.321     53.942     54.676     0.0572    34.6422    34.6430  1029.3202  1029.3208         23 0.0000e+00
    334.000    330.464     1.1272  29.887912     1.1279  29.889171     4.2045     4.2613    -0.0166    98.9491 -9.990e-29  -64.93306  -64.59790   8.356031      98.66    869.053      20858  1029.3247  1029.3253    182.926    185.237     53.970     54.653     0.0532    34.6424    34.6433  1029.3250  1029.3257         27 0.0000e+00
    335.000    331.448     1.1278  29.888936     1.1285  29.890263     4.2071     4.2556    -0.0276    98.9617 2.9724e-02  -64.93306  -64.59794   8.356045      98.66    870.329      20889  1029.3295  1029.3302    182.954    185.448     53.979     54.716     0.0574    34.6426    34.6435  1029.3298  1029.3305         34 0.0000e+00
    336.000    332.438     1.1301  29.891979     1.1305  29.892918     4.1998     4.2613    -0.0165    98.9400 2.9724e-02  -64.93306  -64.59796   8.356062      98.66    871.738      20923  1029.3345  1029.3350    182.951    185.288     53.982     54.672     0.0538    34.6433    34.6440  1029.3350  1029.3355         32 0.0000e+00
    337.000    333.424     1.1328  29.895116     1.1336  29.896514     4.1961     4.2573    -0.0279    98.9758 2.9724e-02  -64.93306  -64.59799   8.356076      98.66    872.971      20952  1029.3393  1029.3399    182.798    185.205     53.941     54.652     0.0554    34.6437    34.6446  1029.3398  1029.3404         28 0.0000e+00
    338.000    334.416     1.1345  29.897265     1.1353  29.898549     4.1934     4.2528    -0.0190    98.9686 2.9724e-02  -64.93306  -64.59802   8.356089      98.66    874.115      20980  1029.3443  1029.3448    182.705    185.142     53.916     54.636     0.0561    34.6440    34.6448  1029.3446  1029.3451         27 0.0000e+00
    339.000    335.407     1.1344  29.897826     1.1351  29.899167     4.1959     4.2538    -0.0278    98.9674 2.9724e-02  -64.93306  -64.59804   8.356104      98.66    875.389      21010  1029.3492  1029.3499    182.817    184.931     53.948     54.574     0.0487    34.6443    34.6453  1029.3495  1029.3502         34 0.0000e+00
    340.000    336.390     1.1358  29.899911     1.1365  29.901054     4.1937     4.2499    -0.0163    98.9801 2.9724e-02  -64.93306  -64.59805   8.356121      98.66    876.852      21045  1029.3542  1029.3547    182.472    185.172     53.849     54.647     0.0621    34.6448    34.6456  1029.3545  1029.3551         34 0.0000e+00
    341.000    337.376     1.1371  29.901590     1.1377  29.902906     4.1930     4.2516    -0.0333    98.9923 2.9724e-02  -64.93306  -64.59808   8.356136      98.66    878.126      21076  1029.3589  1029.3597    182.310    184.965     53.803     54.588     0.0611    34.6450    34.6460  1029.3593  1029.3600         28 0.0000e+00
    342.000    338.370     1.1378  29.902800     1.1384  29.903989     4.1931     4.2440    -0.0331    98.9962 2.9724e-02  -64.93306  -64.59810   8.356148      98.66    879.211      21102  1029.3637  1029.3644    182.234    184.796     53.781     54.539     0.0590    34.6452    34.6460  1029.3641  1029.3647         25 0.0000e+00
