example/processed/dLMG1701_004.cnv
* Sea-Bird SBE 9 Data File:
* FileName = C:\Data\CTD\LMG1701\Raw\LMG1701_004.hex
* Software Version Seasave V 7.26.1.8
* Temperature SN = 4573
* Conductivity SN = 2065
* Number of Bytes Per Scan = 37
* Number of Voltage Words = 4
* Number of Scans Averaged by the Deck Unit = 1
* NMEA Latitude = 64 55.95 S
* NMEA Longitude = 064 35.76 W
* NMEA UTC (Time) = Jan 08 2017  08:18:12
* NMEA baud rate = 4800
# nquan = 30
# nvalues = 1210                        
# units = specified
# name 0 = prDM: Pressure, Digiquartz [db]
# name 1 = depSM: Depth [salt water, m]
# name 2 = t090C: Temperature [ITS-90, deg C]
# name 3 = c0mS/cm: Conductivity [mS/cm]
# name 4 = t190C: Temperature, 2 [ITS-90, deg C]
# name 5 = c1mS/cm: Conductivity, 2 [mS/cm]
# name 6 = sbeox0ML/L: Oxygen, SBE 43 [ml/l]
# name 7 = sbeox1ML/L: Oxygen, SBE 43, 2 [ml/l]
# name 8 = flECO-AFL: Fluorescence, WET Labs ECO-AFL/FL [mg/m^3]
# name 9 = CStarTr0: Beam Transmission, WET Labs C-Star [%]
# name 10 = par: PAR/Irradiance, Biospherical/Licor
# name 11 = latitude: Latitude [deg]
# name 12 = longitude: Longitude [deg]
# name 13 = timeJ: Julian Days
# name 14 = altM: Altimeter [m]
# name 15 = timeS: Time, Elapsed [seconds]
# name 16 = scan: Scan Count
# name 17 = density00: Density [density, kg/m^3]
# name 18 = density11: Density, 2 [density, kg/m^3]
# name 19 = sbox0Mm/Kg: Oxygen, SBE 43 [umol/kg]
# name 20 = sbox1Mm/Kg: Oxygen, SBE 43, 2 [umol/kg]
# name 21 = sbeox0PS: Oxygen, SBE 43 [% saturation]
# name 22 = sbeox1PS: Oxygen, SBE 43, 2 [% saturation]
# name 23 = sbeox0ML/Ldiff: Oxygen, SBE 43, Diff, 2 - 1 [ml/l]
# name 24 = sal00: Salinity, Practical [PSU]
# name 25 = sal11: Salinity, Practical, 2 [PSU]
# name 26 = density00: Density [density, kg/m^3]
# name 27 = density11: Density, 2 [density, kg/m^3]
# name 28 = nbin: number of scans per bin
# name 29 = flag: flag
# span 0 =      5.000,   1215.000       
# span 1 =      4.946,   1199.591       
# span 2 =    -0.3627,     2.6967       
# span 3 =  28.022500,  30.547077       
# span 4 =    -0.3615,     2.7082       
# span 5 =  28.025667,  30.548042       
# span 6 =     3.9264,     7.8295       
# span 7 =     3.9847,     7.9738       
# span 8 =    -0.0414,     3.2927       
# span 9 =    74.3332,    99.2651       
# span 10 = 2.9691e-02, 2.3359e+01      
# span 11 =  -64.94519,  -64.93276      
# span 12 =  -64.60679,  -64.59444      
# span 13 =   8.349594,   8.370109      
# span 14 =     -23.27,     102.02      
# span 15 =    312.893,   1972.973      
# span 16 =       7510,      47352      
# span 17 =  1026.7245,  1033.6202      
# span 18 =  1026.7244,  1033.6202      
# span 19 =    170.679,    340.803      
# span 20 =    173.032,    347.094      
# span 21 =     50.711,    103.288      
# span 22 =     51.416,    104.765      
# span 23 =     0.0335,     0.1819      
# span 24 =    33.4724,    34.6985      
# span 25 =    33.4757,    34.6986      
# span 26 =  1026.7247,  1033.6202      
# span 27 =  1026.7248,  1033.6202      
# span 28 =         12,        101      
# span 29 = 0.0000e+00, 0.0000e+00      
# interval = decibars: 1                
# start_time = Jan 08 2017 08:18:12 [NMEA time, header]
# bad_flag = -9.990e-29
*END*
[from data line 242]
    247.000    244.437     1.0066  29.718351     1.0072  29.719746     4.3386     4.3989    -0.0166    98.8507 -9.990e-29  -64.93306  -64.59693   8.354811      98.66    763.697      18330  1028.8972  1028.8980    189.108    191.996     55.608     56.458     0.0665    34.6090    34.6100  1028.8978  1028.8987         26 0.0000e+00
    248.000    245.425     1.0070  29.719491     1.0077  29.720824     4.3346     4.3916    -0.0284    98.8576 -9.990e-29  -64.93306  -64.59695   8.354826      98.66    764.966      18360  1028.9023  1028.9031    189.149    192.002     55.621     56.461     0.0657    34.6094    34.6104  1028.9029  1028.9036         36 0.0000e+00
    249.000    246.410     1.0079  29.721041     1.0085  29.722395     4.3289     4.3949    -0.0372    98.8256 2.9724e-02  -64.93306  -64.59697   8.354844      98.66    766.553      18398  1028.9074  1028.9082    189.149    191.387     55.623     56.282     0.0515    34.6098    34.6109  1028.9078  1028.9086         36 0.0000e+00
    250.000    247.395     1.0079  29.721851     1.0086  29.723244     4.3331     4.3821 -9.990e-29    98.8346 3.0868e-02  -64.93306  -64.59698   8.354860      98.66    767.868      18430  1028.9125  1028.9133    188.787    191.324     55.516     56.264     0.0584    34.6102    34.6113  1028.9129  1028.9137         27 0.0000e+00
    251.000    248.391     1.0085  29.722985     1.0095  29.724834     4.3258     4.3797 -9.990e-29    98.8504 3.0117e-02  -64.93306  -64.59699   8.354872      98.66    768.930      18455  1028.9174  1028.9182    188.484    191.095     55.428     56.198     0.0601    34.6105    34.6118  1028.9177  1028.9187         25 0.0000e+00
    252.000    249.383     1.0127  29.728161     1.0127  29.728637     4.3209     4.3877 -9.990e-29    98.8606 3.0892e-02  -64.93306  -64.59700   8.354885      98.66    770.056      18482  1028.9224  1028.9230    188.349    190.798     55.395     56.115     0.0564    34.6119    34.6125  1028.9233  1028.9238         31 0.0000e+00
    253.000    250.368     1.0233  29.738676     1.0235  29.739461     4.3202     4.3789    -0.0166    98.8691 3.0256e-02  -64.93306  -64.59704   8.354902      98.66    771.512      18517  1028.9273  1028.9279    188.121    190.961     55.343     56.179     0.0654    34.6131    34.6139  1028.9282  1028.9288         38 0.0000e+00
    254.000    251.351     1.0255  29.740872     1.0262  29.742271     4.3197     4.3841    -0.0166    98.8606 3.0773e-02  -64.93306  -64.59705   8.354918      98.66    772.949      18552  1028.9320  1028.9328    188.302    190.388     55.399     56.015     0.0480    34.6129    34.6139  1028.9325  1028.9333         29 0.0000e+00
    255.000    252.342     1.0262  29.742186     1.0268  29.743524     4.3242     4.3796    -0.0173    98.8549 3.2084e-02  -64.93306  -64.59706   8.354931      98.66    774.029      18578  1028.9368  1028.9376    187.924    190.351     55.289     56.005     0.0558    34.6132    34.6142  1028.9375  1028.9383         23 0.0000e+00
    256.000    253.334     1.0281  29.744686     1.0287  29.746033     4.3228     4.3902    -0.0386    98.8583 3.0356e-02  -64.93306  -64.59706   8.354941      98.66    774.919      18599  1028.9419  1028.9426    187.760    190.714     55.244     56.114     0.0680    34.6138    34.6148  1028.9425  1028.9433         21 0.0000e+00
    257.000    254.327     1.0302  29.747182     1.0310  29.748743     4.3161     4.3786    -0.0175    98.8595 3.0203e-02  -64.93306  -64.59706   8.354951      98.66    775.786      18620  1028.9468  1028.9476    187.709    190.419     55.232     56.031     0.0623    34.6141    34.6152  1028.9473  1028.9481         21 0.0000e+00
    258.000    255.319     1.0316  29.749890     1.0320  29.750954     4.3180     4.3699    -0.0310    98.8457 3.0747e-02  -64.93306  -64.59706   8.354963      98.66    776.807      18644  1028.9521  1028.9529    187.747    190.321     55.246     56.004     0.0592    34.6154    34.6163  1028.9529  1028.9537         29 0.0000e+00
    259.000    256.303     1.0373  29.755800     1.0376  29.756673     4.3119     4.3606    -0.0169    98.7430 3.1582e-02  -64.93306  -64.59708   8.354980      98.66    778.262      18679  1028.9571  1028.9578    187.781    190.393     55.264     56.033     0.0601    34.6161    34.6169  1028.9578  1028.9585         41 0.0000e+00
    260.000    257.288     1.0369  29.755950     1.0382  29.757993     4.3123     4.3589    -0.0166    98.8445 -9.990e-29  -64.93306 -9.990e-29   8.354999      98.66    779.951      18720  1028.9623  1028.9631    187.816    190.650     55.274     56.110     0.0652    34.6162    34.6173  1028.9626  1028.9634         36 0.0000e+00
    261.000    258.277     1.0392  29.759252     1.0399  29.760610     4.3104     4.3603    -0.0166    98.8005 -9.990e-29  -64.93306 -9.990e-29   8.355014      98.66    781.199      18750  1028.9673  1028.9681    187.546    190.079     55.198     55.945     0.0583    34.6172    34.6182  1028.9680  1028.9688         26 0.0000e+00
    262.000    259.268     1.0406  29.760857     1.0416  29.762600     4.3128     4.3640    -0.0166    98.8385 -9.990e-29  -64.93306 -9.990e-29   8.355026      98.66    782.222      18774  1028.9725  1028.9733    187.638    189.701     55.227     55.836     0.0475    34.6172    34.6183  1028.9726  1028.9734         24 0.0000e+00
    263.000    260.262     1.0323  29.754204     1.0331  29.755981     4.3080     4.3653    -0.0166    98.8593 -9.990e-29  -64.93306  -64.59712   8.355038      98.66    783.304      18800  1028.9782  1028.9792    187.320    189.483     55.122     55.761     0.0498    34.6173    34.6186  1028.9780  1028.9790         29 0.0000e+00
    264.000    261.247     1.0305  29.753835     1.0313  29.755247     4.3074     4.3612    -0.0293    98.8608 -9.990e-29  -64.93306  -64.59713   8.355054      98.66    784.693      18834  1028.9835  1028.9842    187.419    189.453     55.149     55.749     0.0468    34.6182    34.6191  1028.9836  1028.9843         37 0.0000e+00
    265.000    262.234     1.0315  29.755479     1.0321  29.756873     4.3018     4.3666    -0.0164    98.8837 -9.990e-29  -64.93306  -64.59714   8.355072      98.66    786.211      18870  1028.9883  1028.9891    187.321    189.472     55.122     55.756     0.0495    34.6186    34.6197  1028.9886  1028.9894         34 0.0000e+00
    266.000    263.222     1.0350  29.759641     1.0357  29.760982     4.2992     4.3596    -0.0178    98.8903 3.0753e-02  -64.93306  -64.59716   8.355087      98.66    787.478      18900  1028.9933  1028.9941    187.357    189.647     55.137     55.813     0.0527    34.6195    34.6204  1028.9937  1028.9944         27 0.0000e+00
    267.000    264.212     1.0367  29.761584     1.0372  29.762952     4.2888     4.3480    -0.0370    98.9075 3.1467e-02  -64.93306  -64.59716   8.355099      98.66    788.548      18926  1028.9981  1028.9990    187.194    189.724     55.092     55.838     0.0582    34.6196    34.6207  1028.9983  1028.9992         25 0.0000e+00
    268.000    265.203     1.0410  29.767238     1.0413  29.768055     4.2824     4.3413    -0.0319    98.9408 3.0123e-02  -64.93306  -64.59716   8.355111      98.66    789.594      18951  1029.0034  1029.0040    187.216    189.477     55.105     55.772     0.0520    34.6215    34.6221  1029.0043  1029.0048         26 0.0000e+00
    269.000    266.194     1.0479  29.773996     1.0483  29.775186     4.2824     4.3333    -0.0251    98.9393 2.9948e-02  -64.93306  -64.59716   8.355125      98.66    790.764      18979  1029.0082  1029.0090    186.912    189.681     55.026     55.842     0.0637    34.6219    34.6230  1029.0088  1029.0097         30 0.0000e+00
    270.000    267.178     1.0501  29.776412     1.0508  29.777998     4.2832     4.3418    -0.0213    98.9446 3.0285e-02  -64.93306  -64.59717   8.355139      98.66    792.036      19010  1029.0130  1029.0138    186.909    189.549     55.028     55.807     0.0608    34.6220    34.6232  1029.0134  1029.0143         30 0.0000e+00
    271.000    268.166     1.0520  29.778876     1.0527  29.780209     4.2793     4.3442    -0.0315    98.9563 -9.990e-29  -64.93306  -64.59718   8.355153      98.66    793.242      19039  1029.0178  1029.0186    186.548    189.155     54.924     55.693     0.0600    34.6224    34.6234  1029.0184  1029.0191         28 0.0000e+00
    272.000    269.157     1.0541  29.781496     1.0547  29.782839     4.2757     4.3357    -0.0166    98.9465 -9.990e-29  -64.93306  -64.59720   8.355166      98.66    794.334      19065  1029.0227  1029.0235    186.084    188.700     54.791     55.563     0.0602    34.6229    34.6240  1029.0232  1029.0241         25 0.0000e+00
    273.000    270.150     1.0550  29.782837     1.0557  29.784303     4.2783     4.3362    -0.0215    98.9442 -9.990e-29  -64.93306  -64.59720   8.355178      98.66    795.389      19090  1029.0276  1029.0284    186.165    188.427     54.816     55.484     0.0521    34.6231    34.6242  1029.0280  1029.0289         26 0.0000e+00
    274.000    271.138     1.0566  29.784768     1.0572  29.786248     4.2767     4.3333    -0.0260    98.8874 -9.990e-29  -64.93306  -64.59720   8.355192      98.66    796.585      19119  1029.0324  1029.0333    186.048    188.439     54.784     55.489     0.0550    34.6232    34.6244  1029.0328  1029.0336         32 0.0000e+00
    275.000    272.124     1.0566  29.785240     1.0572  29.786562     4.2775     4.3388    -0.0325    98.9271 -9.990e-29  -64.93306  -64.59720   8.355209      98.66    798.029      19154  1029.0372  1029.0379    186.018    188.816     54.775     55.601     0.0644    34.6232    34.6242  1029.0375  1029.0382         36 0.0000e+00
    276.000    273.113     1.0569  29.786060     1.0576  29.787605     4.2704     4.3384    -0.0248    98.9241 2.9724e-02  -64.93306  -64.59722   8.355225      98.66    799.453      19188  1029.0420  1029.0428    185.813    188.416     54.716     55.483     0.0599    34.6233    34.6245  1029.0422  1029.0431         33 0.0000e+00
    277.000    274.099     1.0580  29.787787     1.0587  29.789142     4.2627     4.3251    -0.0167    98.9115 3.0984e-02  -64.93306  -64.59722   8.355241      98.66    800.834      19221  1029.0469  1029.0476    185.907    188.370     54.745     55.472     0.0567    34.6238    34.6247  1029.0472  1029.0479         34 0.0000e+00
    278.000    275.090     1.0599  29.790307     1.0606  29.791633     4.2712     4.3271    -0.0166    98.9503 3.2303e-02  -64.93306  -64.59724   8.355257      98.66    802.204      19254  1029.0518  1029.0525    185.806    188.358     54.718     55.471     0.0587    34.6242    34.6252  1029.0522  1029.0529         30 0.0000e+00
    279.000    276.079     1.0617  29.792487     1.0624  29.793871     4.2676     4.3359    -0.0166    98.9359 2.9691e-02  -64.93306  -64.59724   8.355270      98.66    803.369      19282  1029.0566  1029.0574    185.880    188.605     54.743     55.546     0.0627    34.6246    34.6255  1029.0570  1029.0577         26 0.0000e+00
    280.000    277.068     1.0630  29.794389     1.0634  29.795499     4.2636     4.3312    -0.0166    98.9309 2.9724e-02  -64.93306  -64.59726   8.355282      98.66    804.387      19306  1029.0615  1029.0623    185.584    188.574     54.657     55.539     0.0688    34.6249    34.6259  1029.0619  1029.0627         23 0.0000e+00
    281.000    278.056     1.0635  29.795158     1.0644  29.796731     4.2720     4.3261    -0.0166    98.8975 2.9724e-02  -64.93306  -64.59726   8.355293      98.66    805.329      19329  1029.0662  1029.0670    185.339    188.104     54.586     55.402     0.0636    34.6248    34.6258  1029.0665  1029.0672         22 0.0000e+00
    282.000    279.050     1.0644  29.797023     1.0649  29.798244     4.2674     4.3268    -0.0277    98.9300 2.9724e-02  -64.93306  -64.59726   8.355304      98.66    806.258      19351  1029.0714  1029.0721    185.238    187.843     54.558     55.326     0.0599    34.6256    34.6266  1029.0718  1029.0725         23 0.0000e+00
    283.000    280.038     1.0678  29.801273     1.0682  29.802383     4.2634     4.3126    -0.0231    98.9177 2.9724e-02  -64.93306  -64.59728   8.355316      98.66    807.287      19376  1029.0765  1029.0773    185.615    188.075     54.674     55.399     0.0566    34.6268    34.6277  1029.0771  1029.0778         27 0.0000e+00
    284.000    281.027     1.0708  29.804392     1.0715  29.805623     4.2655     4.3135    -0.0166    98.9077 2.9724e-02  -64.93306  -64.59728   8.355331      98.66    808.575      19407  1029.0813  1029.0819    185.377    188.392     54.608     55.497     0.0694    34.6268    34.6277  1029.0817  1029.0823         35 0.0000e+00
    285.000    282.013     1.0719  29.805882     1.0727  29.807232     4.2622     4.3139    -0.0250    98.9067 3.0119e-02  -64.93306  -64.59729   8.355348      98.66    810.028      19442  1029.0860  1029.0867    185.518    188.037     54.651     55.394     0.0580    34.6269    34.6278  1029.0863  1029.0870         34 0.0000e+00
    286.000    283.001     1.0730  29.807513     1.0737  29.808834     4.2620     4.3178    -0.0349    98.9046 3.0763e-02  -64.93306  -64.59730   8.355363      98.66    811.383      19474  1029.0908  1029.0916    185.388    187.930     54.614     55.365     0.0585    34.6272    34.6281  1029.0912  1029.0919         32 0.0000e+00
    287.000    283.991     1.0755  29.810521     1.0761  29.811734     4.2591     4.3174    -0.0168    98.9104 3.0336e-02  -64.93306  -64.59731   8.355379      98.65    812.736      19507  1029.0958  1029.0964    185.388    187.285     54.618     55.178     0.0436    34.6278    34.6286  1029.0962  1029.0968         33 0.0000e+00
    288.000    284.978     1.0770  29.812378     1.0778  29.813770     4.2551     4.3092    -0.0303    98.8957 2.9718e-02  -64.93306  -64.59732   8.355395      98.64    814.160      19541  1029.1006  1029.1012    185.218    187.553     54.570     55.260     0.0537    34.6279    34.6288  1029.1009  1029.1015         34 0.0000e+00
    289.000    285.965     1.0778  29.813767     1.0784  29.815061     4.2553     4.3086    -0.0172    98.9206 2.9724e-02  -64.93306  -64.59732   8.355410      98.66    815.419      19571  1029.1054  1029.1061    185.241    187.430     54.578     55.224     0.0504    34.6282    34.6291  1029.1058  1029.1065         27 0.0000e+00
    290.000    286.952     1.0796  29.816015     1.0802  29.817350     4.2568     4.3136    -0.0180    98.9079 2.9724e-02  -64.93306  -64.59734   8.355422      98.66    816.461      19596  1029.1102  1029.1110    185.194    187.660     54.567     55.295     0.0568    34.6285    34.6296  1029.1106  1029.1114         23 0.0000e+00
    291.000    287.947     1.0800  29.816797     1.0807  29.818308     4.2531     4.3122    -0.0352    98.9149 -9.990e-29  -64.93306  -64.59734   8.355433      98.66    817.389      19618  1029.1150  1029.1159    185.084    187.651     54.535     55.293     0.0591    34.6285    34.6296  1029.1152  1029.1161         22 0.0000e+00
    292.000    288.938     1.0795  29.816735     1.0802  29.818090     4.2514     4.3093    -0.0168    98.9078 -9.990e-29  -64.93306  -64.59734   8.355443      98.66    818.302      19640  1029.1197  1029.1205    185.048    187.556     54.524     55.264     0.0577    34.6284    34.6293  1029.1199  1029.1206         22 0.0000e+00
    293.000    289.926     1.0790  29.816872     1.0797  29.818287     4.2533     4.3104    -0.0189    98.9069 -9.990e-29  -64.93306  -64.59736   8.355455      98.66    819.325      19665  1029.1246  1029.1253    184.886    187.172     54.475     55.150     0.0526    34.6285    34.6296  1029.1247  1029.1256         27 0.0000e+00
    294.000    290.916     1.0796  29.818103     1.0803  29.819453     4.2531     4.3110    -0.0291    98.9049 -9.990e-29  -64.93306  -64.59736   8.355470      98.65    820.577      19695  1029.1294  1029.1302    184.940    187.287     54.492     55.185     0.0540    34.6288    34.6298  1029.1297  1029.1304         33 0.0000e+00
