example/processed/dLMG1701_004.cnv
* Sea-Bird SBE 9 Data File:
* FileName = C:\Data\CTD\LMG1701\Raw\LMG1701_004.hex
* Software Version Seasave V 7.26.1.8
* Temperature SN = 4573
* Conductivity SN = 2065
* Number of Bytes Per Scan = 37
* Number of Voltage Words = 4
* Number of Scans Averaged by the Deck Unit = 1
* NMEA Latitude = 64 55.95 S
* NMEA Longitude = 064 35.76 W
* NMEA UTC (Time) = Jan 08 2017  08:18:12
* NMEA baud rate = 4800
# nquan = 30
# nvalues = 1210                        
# units = specified
# name 0 = prDM: Pressure, Digiquartz [db]
# name 1 = depSM: Depth [salt water, m]
# name 2 = t090C: Temperature [ITS-90, deg C]
# name 3 = c0mS/cm: Conductivity [mS/cm]
# name 4 = t190C: Temperature, 2 [ITS-90, deg C]
# name 5 = c1mS/cm: Conductivity, 2 [mS/cm]
# name 6 = sbeox0ML/L: Oxygen, SBE 43 [ml/l]
# name 7 = sbeox1ML/L: Oxygen, SBE 43, 2 [ml/l]
# name 8 = flECO-AFL: Fluorescence, WET Labs ECO-AFL/FL [mg/m^3]
# name 9 = CStarTr0: Beam Transmission, WET Labs C-Star [%]
# name 10 = par: PAR/Irradiance, Biospherical/Licor
# name 11 = latitude: Latitude [deg]
# name 12 = longitude: Longitude [deg]
# name 13 = timeJ: Julian Days
# name 14 = altM: Altimeter [m]
# name 15 = timeS: Time, Elapsed [seconds]
# name 16 = scan: Scan Count
# name 17 = density00: Density [density, kg/m^3]
# name 18 = density11: Density, 2 [density, kg/m^3]
# name 19 = sbox0Mm/Kg: Oxygen, SBE 43 [umol/kg]
# name 20 = sbox1Mm/Kg: Oxygen, SBE 43, 2 [umol/kg]
# name 21 = sbeox0PS: Oxygen, SBE 43 [% saturation]
# name 22 = sbeox1PS: Oxygen, SBE 43, 2 [% saturation]
# name 23 = sbeox0ML/Ldiff: Oxygen, SBE 43, Diff, 2 - 1 [ml/l]
# name 24 = sal00: Salinity, Practical [PSU]
# name 25 = sal11: Salinity, Practical, 2 [PSU]
# name 26 = density00: Density [density, kg/m^3]
# name 27 = density11: Density, 2 [density, kg/m^3]
# name 28 = nbin: number of scans per bin
# name 29 = flag: flag
# span 0 =      5.000,   1215.000       
# span 1 =      4.946,   1199.591       
# span 2 =    -0.3627,     2.6967       
# span 3 =  28.022500,  30.547077       
# span 4 =    -0.3615,     2.7082       
# span 5 =  28.025667,  30.548042       
# span 6 =     3.9264,     7.8295       
# span 7 =     3.9847,     7.9738       
# span 8 =    -0.0414,     3.2927       
# span 9 =    74.3332,    99.2651       
# span 10 = 2.9691e-02, 2.3359e+01      
# span 11 =  -64.94519,  -64.93276      
# span 12 =  -64.60679,  -64.59444      
# span 13 =   8.349594,   8.370109      
# span 14 =     -23.27,     102.02      
# span 15 =    312.893,   1972.973      
# span 16 =       7510,      47352      
# span 17 =  1026.7245,  1033.6202      
# span 18 =  1026.7244,  1033.6202      
# span 19 =    170.679,    340.803      
# span 20 =    173.032,    347.094      
# span 21 =     50.711,    103.288      
# span 22 =     51.416,    104.765      
# span 23 =     0.0335,     0.1819      
# span 24 =    33.4724,    34.6985      
# span 25 =    33.4757,    34.6986      
# span 26 =  1026.7247,  1033.6202      
# span 27 =  1026.7248,  1033.6202      
# span 28 =         12,        101      
# span 29 = 0.0000e+00, 0.0000e+00      
# interval = decibars: 1                
# start_time = Jan 08 2017 08:18:12 [NMEA time, header]
# bad_flag = -9.990e-29
*END*
[from data line 1064]
   1069.000   1055.811     1.3685  30.458270     1.3694  30.459265     3.9482     4.0135 -9.990e-29    99.1146 2.9724e-02  -64.93322  -64.59706   8.366075      87.94   1736.911      41687  1032.7664  1032.7665    171.467    174.581     50.919     51.845     0.0716    34.6899    34.6902  1032.7664  1032.7666         25 0.0000e+00
   1070.000   1056.797     1.3685  30.458643     1.3694  30.459655     3.9501     4.0130    -0.0190    99.1038 2.9724e-02  -64.93322  -64.59706   8.366088      10.11   1737.985      41713  1032.7709  1032.7711    171.535    174.239     50.939     51.744     0.0622    34.6898    34.6902  1032.7710  1032.7711         27 0.0000e+00
   1071.000   1057.781     1.3686  30.459187     1.3694  30.460171     3.9533     4.0085    -0.0166    99.1042 -9.990e-29  -64.93322  -64.59706   8.366101      33.54   1739.147      41741  1032.7755  1032.7757    171.745    174.140     51.002     51.714     0.0551    34.6898    34.6902  1032.7756  1032.7757         29 0.0000e+00
   1072.000   1058.766     1.3687  30.459683     1.3695  30.460612     3.9541     4.0022    -0.0222    99.1115 -9.990e-29  -64.93322  -64.59706   8.366116      98.14   1740.407      41771  1032.7801  1032.7803    171.515    174.215     50.934     51.737     0.0621    34.6898    34.6901  1032.7802  1032.7803         31 0.0000e+00
   1073.000   1059.749     1.3688  30.460221     1.3696  30.461182     3.9476     4.0078    -0.0325    99.1277 2.9724e-02  -64.93322  -64.59704   8.366131      98.65   1741.704      41802  1032.7848  1032.7850    171.571    174.404     50.950     51.793     0.0652    34.6899    34.6902  1032.7848  1032.7850         31 0.0000e+00
   1074.000   1060.734     1.3690  30.460874     1.3699  30.461844     3.9537     4.0054    -0.0309    99.1094 2.9724e-02  -64.93322  -64.59704   8.366146      98.65   1742.974      41832  1032.7894  1032.7895    171.640    174.380     50.971     51.786     0.0630    34.6899    34.6902  1032.7894  1032.7896         30 0.0000e+00
   1075.000   1061.720     1.3692  30.461392     1.3700  30.462376     3.9513     4.0080    -0.0222    99.1226 2.9724e-02  -64.93322  -64.59704   8.366160      86.11   1744.249      41863  1032.7939  1032.7942    171.808    174.132     51.021     51.713     0.0535    34.6898    34.6902  1032.7940  1032.7942         31 0.0000e+00
   1076.000   1062.707     1.3695  30.462100     1.3702  30.463055     3.9440     4.0015    -0.0253    99.1166 2.9724e-02  -64.93322  -64.59702   8.366176       8.61   1745.612      41896  1032.7986  1032.7988    171.754    173.975     51.006     51.666     0.0511    34.6899    34.6903  1032.7986  1032.7989         34 0.0000e+00
   1077.000   1063.691     1.3697  30.462732     1.3705  30.463683     3.9488     4.0092 -9.990e-29    99.1041 2.9724e-02  -64.93322  -64.59701   8.366192       9.02   1747.025      41930  1032.8032  1032.8034    171.594    174.112     50.958     51.707     0.0579    34.6899    34.6902  1032.8032  1032.8034         34 0.0000e+00
   1078.000   1064.673     1.3697  30.463171     1.3704  30.464046     3.9485     4.0069 -9.990e-29    99.1012 2.9724e-02  -64.93322  -64.59700   8.366209      92.71   1748.417      41963  1032.8078  1032.8079    171.808    174.093     51.022     51.701     0.0526    34.6899    34.6902  1032.8078  1032.8080         32 0.0000e+00
   1079.000   1065.660     1.3700  30.464055     1.3709  30.465082     3.9453     4.0064    -0.0325    99.1136 2.9724e-02  -64.93322  -64.59696   8.366223      98.72   1749.638      41992  1032.8125  1032.8127    171.600    174.119     50.961     51.710     0.0580    34.6901    34.6904  1032.8126  1032.8127         27 0.0000e+00
   1080.000   1066.645     1.3704  30.464852     1.3713  30.465805     3.9470     4.0093    -0.0166    99.1210 2.9724e-02  -64.93322  -64.59693   8.366235      98.65   1750.711      42018  1032.8172  1032.8172    171.350    173.806     50.887     51.617     0.0565    34.6902    34.6904  1032.8172  1032.8173         25 0.0000e+00
   1081.000   1067.633     1.3703  30.465137     1.3711  30.465966     3.9488     4.0096    -0.0166    99.0989 2.9724e-02  -64.93322  -64.59691   8.366248      98.65   1751.805      42044  1032.8217  1032.8218    171.583    174.205     50.956     51.736     0.0603    34.6901    34.6903  1032.8218  1032.8219         28 0.0000e+00
   1082.000   1068.618     1.3704  30.465609     1.3711  30.466472     3.9504     4.0078    -0.0242    99.1218 2.9724e-02  -64.93322  -64.59689   8.366262      98.65   1753.073      42075  1032.8262  1032.8265    171.571    174.159     50.952     51.722     0.0596    34.6900    34.6903  1032.8263  1032.8265         33 0.0000e+00
   1083.000   1069.600     1.3707  30.466250     1.3714  30.467155     3.9496     4.0091    -0.0272    99.1053 2.9724e-02  -64.93322  -64.59685   8.366278      98.65   1754.444      42108  1032.8308  1032.8310    171.465    174.078     50.921     51.698     0.0601    34.6900    34.6903  1032.8309  1032.8311         32 0.0000e+00
   1084.000   1070.590     1.3708  30.466827     1.3716  30.467713     3.9453     4.0079 -9.990e-29    99.1047 2.9724e-02  -64.93322  -64.59683   8.366295      98.65   1755.900      42143  1032.8355  1032.8356    171.503    174.216     50.933     51.740     0.0624    34.6900    34.6902  1032.8355  1032.8356         40 0.0000e+00
   1085.000   1071.570     1.3709  30.467277     1.3716  30.468154     3.9492     4.0079    -0.0325    99.0867 2.9724e-02  -64.93322  -64.59681   8.366317      98.65   1757.751      42187  1032.8400  1032.8402    171.667    174.171     50.982     51.726     0.0576    34.6900    34.6903  1032.8401  1032.8403         44 0.0000e+00
   1086.000   1072.552     1.3713  30.468205     1.3722  30.469115     3.9485     4.0127    -0.0199    99.1060 2.9724e-02  -64.93322  -64.59678   8.366334      98.65   1759.285      42224  1032.8448  1032.8448    171.684    174.206     50.987     51.738     0.0580    34.6902    34.6904  1032.8448  1032.8449         31 0.0000e+00
   1087.000   1073.539     1.3716  30.469030     1.3724  30.469879     3.9491     3.9970    -0.0166    99.1008 2.9724e-02  -64.93322  -64.59676   8.366348      98.65   1760.439      42252  1032.8494  1032.8495    171.325    174.089     50.881     51.703     0.0636    34.6903    34.6905  1032.8495  1032.8496         26 0.0000e+00
   1088.000   1074.529     1.3716  30.469355     1.3725  30.470273     3.9493     4.0007    -0.0213    99.1026 2.9724e-02  -64.93322  -64.59673   8.366360      98.66   1761.527      42278  1032.8540  1032.8540    171.525    174.254     50.940     51.752     0.0628    34.6902    34.6903  1032.8540  1032.8541         27 0.0000e+00
   1089.000   1075.511     1.3715  30.469634     1.3723  30.470461     3.9518     4.0023    -0.0251    99.0987 2.9724e-02  -64.93322  -64.59672   8.366374      98.66   1762.684      42305  1032.8586  1032.8587    171.609    174.071     50.965     51.698     0.0567    34.6901    34.6903  1032.8586  1032.8587         28 0.0000e+00
   1090.000   1076.497     1.3714  30.469951     1.3723  30.470959     3.9484     4.0042    -0.0260    99.0957 2.9724e-02  -64.93322  -64.59671   8.366387      98.66   1763.855      42334  1032.8631  1032.8633    171.681    174.450     50.987     51.810     0.0637    34.6900    34.6903  1032.8632  1032.8633         27 0.0000e+00
   1091.000   1077.479     1.3720  30.471098     1.3728  30.471921     3.9472     4.0065    -0.0203    99.0795 2.9724e-02  -64.93322  -64.59669   8.366400      98.66   1764.932      42359  1032.8679  1032.8680    171.475    173.946     50.926     51.661     0.0569    34.6903    34.6905  1032.8680  1032.8680         25 0.0000e+00
   1092.000   1078.471     1.3722  30.471614     1.3729  30.472544     3.9520     4.0089    -0.0167    99.0830 2.9724e-02  -64.93322  -64.59668   8.366412      98.66   1765.986      42385  1032.8725  1032.8727    171.640    173.694     50.976     51.587     0.0473    34.6903    34.6906  1032.8725  1032.8727         27 0.0000e+00
   1093.000   1079.455     1.3722  30.471937     1.3730  30.472833     3.9499     4.0059    -0.0242    99.0810 2.9724e-02  -64.93322  -64.59666   8.366428      98.65   1767.367      42418  1032.8770  1032.8772    171.673    173.905     50.985     51.649     0.0514    34.6901    34.6904  1032.8770  1032.8772         43 0.0000e+00
   1094.000   1080.432     1.3723  30.472457     1.3731  30.473465     3.9440     3.9993    -0.0162    99.0647 2.9724e-02  -64.93322  -64.59664   8.366450      98.65   1769.261      42463  1032.8815  1032.8818    171.521    174.028     50.940     51.686     0.0577    34.6901    34.6905  1032.8816  1032.8819         39 0.0000e+00
   1095.000   1081.419     1.3723  30.472981     1.3731  30.473883     3.9481     4.0061    -0.0271    99.0788 2.9724e-02  -64.93322  -64.59662   8.366465      98.65   1770.600      42495  1032.8862  1032.8864    171.670    174.104     50.985     51.709     0.0560    34.6902    34.6905  1032.8863  1032.8865         29 0.0000e+00
   1096.000   1082.407     1.3724  30.473606     1.3732  30.474444     3.9494     4.0054    -0.0325    99.0755 2.9724e-02  -64.93322  -64.59661   8.366478      98.66   1771.708      42522  1032.8910  1032.8910    171.662    174.322     50.982     51.773     0.0612    34.6904    34.6905  1032.8911  1032.8911         25 0.0000e+00
   1097.000   1083.394     1.3724  30.474036     1.3732  30.474875     3.9488     4.0055    -0.0184    99.0723 2.9724e-02  -64.93322  -64.59659   8.366491      98.66   1772.792      42548  1032.8956  1032.8957    171.637    173.936     50.975     51.659     0.0529    34.6903    34.6905  1032.8956  1032.8957         27 0.0000e+00
   1098.000   1084.378     1.3722  30.474164     1.3732  30.475153     3.9505     4.0074    -0.0166    99.0863 2.9724e-02  -64.93322  -64.59658   8.366504      98.66   1773.972      42576  1032.9001  1032.9002    171.433    173.768     50.914     51.609     0.0537    34.6902    34.6904  1032.9001  1032.9002         30 0.0000e+00
   1099.000   1085.364     1.3725  30.474803     1.3733  30.475780     3.9491     4.0075    -0.0166    99.0804 2.9724e-02  -64.93322  -64.59656   8.366520      98.66   1775.349      42609  1032.9046  1032.9048    171.469    174.018     50.925     51.683     0.0587    34.6901    34.6904  1032.9047  1032.9048         36 0.0000e+00
   1100.000   1086.346     1.3726  30.475304     1.3734  30.476215     3.9514     4.0073 -9.990e-29    99.0775 2.9724e-02  -64.93320  -64.59653   8.366538      98.66   1776.873      42646  1032.9092  1032.9094    171.638    174.046     50.975     51.692     0.0554    34.6901    34.6904  1032.9093  1032.9094         35 0.0000e+00
   1101.000   1087.330     1.3722  30.475363     1.3732  30.476490     3.9487     4.0039 -9.990e-29    99.0785 2.9724e-02  -64.93322  -64.59652   8.366553      98.66   1778.207      42678  1032.9139  1032.9141    171.602    174.110     50.964     51.710     0.0577    34.6900    34.6904  1032.9139  1032.9141         30 0.0000e+00
   1102.000   1088.318     1.3720  30.475555     1.3729  30.476450     3.9481     4.0042    -0.0325    99.0832 2.9724e-02  -64.93322  -64.59650   8.366567      98.66   1779.399      42707  1032.9185  1032.9186    171.664    174.117     50.982     51.712     0.0565    34.6900    34.6902  1032.9185  1032.9186         29 0.0000e+00
   1103.000   1089.302     1.3721  30.475994     1.3728  30.477056     3.9529     4.0033    -0.0309    99.0705 2.9724e-02  -64.93322  -64.59649   8.366581      98.66   1780.623      42736  1032.9230  1032.9233    171.582    174.145     50.958     51.720     0.0590    34.6899    34.6904  1032.9231  1032.9234         29 0.0000e+00
   1104.000   1090.285     1.3722  30.476721     1.3732  30.477794     3.9439     3.9976    -0.0216    99.0762 2.9724e-02  -64.93322  -64.59648   8.366595      98.66   1781.830      42765  1032.9277  1032.9279    171.689    174.126     50.990     51.715     0.0561    34.6901    34.6904  1032.9278  1032.9279         28 0.0000e+00
   1105.000   1091.271     1.3723  30.477154     1.3732  30.478183     3.9477     4.0037    -0.0257    99.0965 2.9724e-02  -64.93322  -64.59647   8.366608      98.66   1782.931      42791  1032.9323  1032.9325    171.684    174.076     50.989     51.700     0.0551    34.6900    34.6904  1032.9323  1032.9325         26 0.0000e+00
   1106.000   1092.260     1.3725  30.477794     1.3733  30.478683     3.9496     4.0049    -0.0168    99.0834 -9.990e-29  -64.93322  -64.59645   8.366621      98.66   1784.013      42817  1032.9369  1032.9371    171.440    173.880     50.916     51.642     0.0562    34.6901    34.6903  1032.9370  1032.9371         27 0.0000e+00
   1107.000   1093.243     1.3726  30.478202     1.3734  30.479225     3.9497     4.0059    -0.0285    99.0938 -9.990e-29  -64.93322  -64.59642   8.366635      98.66   1785.292      42848  1032.9415  1032.9417    171.773    174.020     51.015     51.684     0.0517    34.6900    34.6904  1032.9415  1032.9418         35 0.0000e+00
   1108.000   1094.225     1.3727  30.478720     1.3734  30.479550     3.9522     3.9955    -0.0249    99.0965 -9.990e-29  -64.93321  -64.59642   8.366653      98.66   1786.830      42885  1032.9460  1032.9462    171.385    173.727     50.900     51.597     0.0539    34.6899    34.6903  1032.9461  1032.9463         36 0.0000e+00
   1109.000   1095.211     1.3727  30.479218     1.3734  30.480120     3.9517     4.0005    -0.0295    99.0635 -9.990e-29  -64.93320  -64.59642   8.366669      98.66   1788.220      42918  1032.9507  1032.9509    171.568    174.023     50.955     51.685     0.0565    34.6900    34.6904  1032.9508  1032.9510         31 0.0000e+00
   1110.000   1096.197     1.3733  30.480200     1.3738  30.480975     3.9460     4.0142    -0.0277    99.0954 -9.990e-29  -64.93322  -64.59642   8.366684      98.66   1789.488      42949  1032.9553  1032.9555    171.612    174.049     50.968     51.693     0.0561    34.6901    34.6905  1032.9554  1032.9556         30 0.0000e+00
   1111.000   1097.181     1.3737  30.481005     1.3744  30.481903     3.9410     3.9976    -0.0251    99.0881 -9.990e-29  -64.93322  -64.59642   8.366698      98.66   1790.742      42979  1032.9600  1032.9602    171.682    173.986     50.990     51.675     0.0530    34.6902    34.6905  1032.9600  1032.9602         30 0.0000e+00
   1112.000   1098.164     1.3739  30.481720     1.3745  30.482478     3.9470     3.9969    -0.0207    99.0850 -9.990e-29  -64.93322  -64.59642   8.366712      98.66   1791.932      43007  1032.9646  1032.9647    171.739    173.591     51.007     51.558     0.0426    34.6903    34.6905  1032.9647  1032.9648         27 0.0000e+00
   1113.000   1099.154     1.3738  30.482032     1.3746  30.482969     3.9476     4.0037    -0.0314    99.0880 -9.990e-29  -64.93322  -64.59641   8.366725      98.66   1793.049      43034  1032.9692  1032.9694    171.714    173.774     51.000     51.613     0.0474    34.6902    34.6905  1032.9692  1032.9694         27 0.0000e+00
   1114.000   1100.135     1.3739  30.482549     1.3747  30.483542     3.9475     4.0041    -0.0196    99.0799 -9.990e-29  -64.93322  -64.59640   8.366738      98.66   1794.175      43061  1032.9738  1032.9740    171.567    174.351     50.956     51.784     0.0641    34.6903    34.6906  1032.9739  1032.9741         28 0.0000e+00
   1115.000   1101.122     1.3738  30.482942     1.3747  30.483961     3.9464     4.0045    -0.0275    99.0588 2.9724e-02  -64.93322  -64.59640   8.366752      98.66   1795.363      43090  1032.9785  1032.9786    171.236    174.001     50.857     51.680     0.0636    34.6903    34.6906  1032.9785  1032.9787         29 0.0000e+00
