example/processed/LMG1701_004.ros
* Sea-Bird SBE 9 Data File:
* FileName = C:\Data\CTD\LMG1701\Raw\LMG1701_004.hex
* Software Version Seasave V 7.26.1.8
* Temperature SN = 4573
* Conductivity SN = 2065
* Number of Bytes Per Scan = 37
* Number of Voltage Words = 4
* Number of Scans Averaged by the Deck Unit = 1
* NMEA Latitude = 64 55.95 S
* NMEA Longitude = 064 35.76 W
* NMEA UTC (Time) = Jan 08 2017  08:18:12
* NMEA baud rate = 4800
# nquan = 19
# nvalues = 1136                                  
# units = specified
# name 0 = prDM: Pressure, Digiquartz [db]
# name 1 = depSM: Depth [salt water, m]
# name 2 = t090C: Temperature [ITS-90, deg C]
# name 3 = c0mS/cm: Conductivity [mS/cm]
# name 4 = t190C: Temperature, 2 [ITS-90, deg C]
# name 5 = c1mS/cm: Conductivity, 2 [mS/cm]
# name 6 = sbeox0ML/L: Oxygen, SBE 43 [ml/l]
# name 7 = sbeox1ML/L: Oxygen, SBE 43, 2 [ml/l]
# name 8 = flECO-AFL: Fluorescence, WET Labs ECO-AFL/FL [mg/m^3]
# name 9 = CStarTr0: Beam Transmission, WET Labs C-Star [%]
# name 10 = par: PAR/Irradiance, Biospherical/Licor
# name 11 = latitude: Latitude [deg]
# name 12 = longitude: Longitude [deg]
# name 13 = timeJ: Julian Days
# name 14 = altM: Altimeter [m]
# name 15 = timeS: Time, Elapsed [seconds]
# name 16 = scan: Scan Count
# name 17 = nbf: Bottles Fired
# name 18 = flag:  0.000e+00
# interval = seconds: 0.0416667
# start_time = Jan 08 2017 08:18:12 [NMEA time, header]
# bad_flag = -9.990e-29
*END*
[from data line 762]
     40.438     40.038    -0.1088  28.060446    -0.0702  28.095866     6.8517     6.8740     0.6818    97.2748 4.9678e-01  -64.93226  -64.59210   8.409619      42.30   5499.083     131979         17  0.000e+00
     40.487     40.087    -0.1085  28.061788    -0.0755  28.094109     6.8505     6.8752     0.6660    97.2748 4.9678e-01  -64.93226  -64.59210   8.409620      42.30   5499.125     131980         17  0.000e+00
     40.438     40.038    -0.1088  28.062682    -0.0776  28.092805     6.8490     6.8815     0.6501    97.2748 4.9678e-01  -64.93226  -64.59210   8.409620      42.30   5499.167     131981         17  0.000e+00
     40.438     40.038    -0.1082  28.063576    -0.0772  28.092578     6.8470     6.8821     0.6183    97.2748 4.9678e-01  -64.93226  -64.59210   8.409620      42.30   5499.208     131982         17  0.000e+00
     40.421     40.021    -0.1078  28.063073    -0.0782  28.092181     6.8458     6.8825     0.6183    97.2748 4.9678e-01  -64.93226  -64.59210   8.409621      42.30   5499.250     131983         17  0.000e+00
     40.438     40.038    -0.1082  28.061508    -0.0767  28.092068     6.8445     6.8822     0.6183    97.3013 4.9678e-01  -64.93226  -64.59210   8.409621      48.23   5499.292     131984         17  0.000e+00
     40.496     40.095    -0.1091  28.059161    -0.0759  28.093429     6.8429     6.8816     0.6025    97.3013 4.9678e-01  -64.93226  -64.59210   8.409622      83.52   5499.333     131985         17  0.000e+00
     40.487     40.087    -0.1122  28.057652    -0.0693  28.097907     6.8424     6.8796     0.6025    97.3013 4.9678e-01  -64.93226  -64.59210   8.409622      99.07   5499.375     131986         17  0.000e+00
     40.496     40.095    -0.1131  28.059553    -0.0573  28.103690     6.8469     6.8763     0.5866    97.3013 4.9678e-01  -64.93226  -64.59210   8.409623     100.00   5499.417     131987         17  0.000e+00
     40.438     40.038    -0.1119  28.063129    -0.0463  28.109984     6.8458     6.8727     0.6025    97.3013 4.9678e-01  -64.93226  -64.59210   8.409623      99.15   5499.458     131988         17  0.000e+00
     40.487     40.087    -0.1110  28.064918    -0.0461  28.115316     6.8445     6.8707     0.5866    97.2748 4.9213e-01  -64.93226  -64.59210   8.409624      98.63   5499.500     131989         17  0.000e+00
     40.496     40.095    -0.1093  28.066148    -0.0459  28.117811     6.8428     6.8695     0.5866    97.1955 4.9213e-01  -64.93226  -64.59210   8.409624      98.58   5499.542     131990         17  0.000e+00
     40.496     40.095    -0.1037  28.067880    -0.0456  28.116790     6.8400     6.8743     0.5866    97.1691 4.9213e-01  -64.93226  -64.59210   8.409625      98.63   5499.583     131991         17  0.000e+00
     40.487     40.087    -0.1002  28.069165    -0.0463  28.115542     6.8443     6.8738     0.5866    97.1955 4.9213e-01  -64.93226  -64.59210   8.409625      98.66   5499.625     131992         17  0.000e+00
     40.554     40.152    -0.1002  28.069612    -0.0480  28.115089     6.8441     6.8732     0.5866    97.2220 4.9213e-01  -64.93226  -64.59210   8.409626      98.63   5499.667     131993         17  0.000e+00
     40.545     40.144    -0.0990  28.071848    -0.0480  28.114011     6.8431     6.8730     0.5866    97.2484 4.9213e-01  -64.93226  -64.59210   8.409626      98.63   5499.708     131994         17  0.000e+00
     40.496     40.095    -0.0954  28.078332    -0.0463  28.113274     6.8471     6.8721     0.5866    97.2484 4.9213e-01  -64.93226  -64.59210   8.409627      98.63   5499.750     131995         17  0.000e+00
     40.554     40.152    -0.0874  28.085152    -0.0470  28.112764     6.8463     6.8715     0.5866    97.2748 4.9213e-01  -64.93226  -64.59210   8.409627      98.63   5499.792     131996         17  0.000e+00
     40.545     40.144    -0.0776  28.086381    -0.0477  28.112253     6.8393     6.8705     0.5866    97.2748 4.9213e-01  -64.93226  -64.59210   8.409628      98.63   5499.833     131997         17  0.000e+00
     40.496     40.095    -0.0736  28.085263    -0.0480  28.112310     6.8378     6.8690     0.5866    97.3277 4.9213e-01  -64.93226  -64.59210   8.409628      98.66   5499.875     131998         17  0.000e+00
     40.554     40.152    -0.0715  28.085486    -0.0477  28.112140     6.8421     6.8674     0.5866    97.3277 4.9213e-01  -64.93226  -64.59210   8.409629      98.66   5499.917     131999         17  0.000e+00
     40.546     40.144    -0.0715  28.086884    -0.0476  28.112253     6.8427     6.8653     0.5866    97.3277 4.9213e-01  -64.93226  -64.59210   8.409629      98.66   5499.958     132000         17  0.000e+00
     40.620     40.218    -0.0724  28.091413    -0.0474  28.112367     6.8430     6.8641     0.5866    97.3277 4.9213e-01  -64.93226  -64.59210   8.409630      98.66   5500.000     132001         17  0.000e+00
     40.554     40.153    -0.0698  28.097731    -0.0465  28.112934     6.8421     6.8624     0.5866    97.3277 4.9213e-01  -64.93226  -64.59210   8.409630      98.63   5500.042     132002         17  0.000e+00
     40.546     40.144    -0.0632  28.101813    -0.0446  28.114351     6.8405     6.8663     0.5866    97.3013 4.9213e-01  -64.93226  -64.59210   8.409631      98.66   5500.083     132003         17  0.000e+00
     40.620     40.218    -0.0603  28.104497    -0.0432  28.115543     6.8392     6.8650     0.5866    97.3013 4.9213e-01  -64.93226  -64.59210   8.409631      98.63   5500.125     132004         17  0.000e+00
     40.554     40.153    -0.0592  28.105559    -0.0405  28.117017     6.8380     6.8631     0.5866    97.3013 4.8750e-01  -64.93226  -64.59210   8.409632      98.63   5500.167     132005         17  0.000e+00
     40.603     40.202    -0.0577  28.105112    -0.0419  28.117584     6.8365     6.8627     0.5866    97.3277 4.8750e-01  -64.93226  -64.59210   8.409632      98.63   5500.208     132006         17  0.000e+00
     40.620     40.218    -0.0557  28.104608    -0.0437  28.117698     6.8357     6.8622     0.5866    97.3277 4.8750e-01  -64.93226  -64.59210   8.409633      98.66   5500.250     132007         17  0.000e+00
     40.554     40.153    -0.0557  28.106565    -0.0454  28.117131     6.8348     6.8613     0.5866    97.3277 4.8750e-01  -64.93226  -64.59210   8.409633      98.63   5500.292     132008         17  0.000e+00
     40.670     40.267    -0.0558  28.108635    -0.0473  28.116110     6.8338     6.8605     0.5866    97.3277 4.8750e-01  -64.93226  -64.59210   8.409633      98.63   5500.333     132009         17  0.000e+00
     40.554     40.153    -0.0552  28.109473    -0.0491  28.114182     6.8322     6.8592     0.5866    97.3277 4.8750e-01  -64.93226  -64.59210   8.409634      98.66   5500.375     132010         17  0.000e+00
     40.678     40.275    -0.0546  28.110648    -0.0537  28.111233     6.8305     6.8594     0.5866    97.3277 4.8750e-01  -64.93226  -64.59210   8.409634      98.63   5500.417     132011         17  0.000e+00
     40.604     40.202    -0.0548  28.112661    -0.0568  28.109305     6.8297     6.8589     0.5866    97.3277 4.8750e-01  -64.93226  -64.59210   8.409635      98.66   5500.458     132012         17  0.000e+00
     40.620     40.218    -0.0534  28.113724    -0.0559  28.108908     6.8285     6.8576     0.5866    97.3277 4.8750e-01  -64.93226  -64.59210   8.409635      98.66   5500.500     132013         17  0.000e+00
     40.620     40.218    -0.0521  28.114451    -0.0549  28.109248     6.8270     6.8560     0.5866    97.3277 4.8750e-01  -64.93226  -64.59210   8.409636      98.63   5500.542     132014         17  0.000e+00
     40.670     40.267    -0.0490  28.113668    -0.0551  28.109759     6.8252     6.8544     0.5866    97.3277 4.8750e-01  -64.93226  -64.59210   8.409636      98.63   5500.583     132015         17  0.000e+00
     40.620     40.218    -0.0480  28.113444    -0.0551  28.110099     6.8234     6.8535     0.5866    97.3277 4.8750e-01  -64.93226  -64.59210   8.409637      98.66   5500.625     132016         17  0.000e+00
     40.620     40.218    -0.0482  28.115905    -0.0548  28.110212     6.8214     6.8525     0.5866    97.3277 4.8750e-01  -64.93226  -64.59210   8.409637      98.63   5500.667     132017         17  0.000e+00
     40.670     40.267    -0.0486  28.118310    -0.0547  28.110212     6.8192     6.8575     0.5866    97.3277 4.8750e-01  -64.93226  -64.59210   8.409638      98.66   5500.708     132018         17  0.000e+00
     40.620     40.218    -0.0467  28.118478    -0.0540  28.109985     6.8166     6.8570     0.5707    97.3277 4.8750e-01  -64.93226  -64.59210   8.409638      98.66   5500.750     132019         17  0.000e+00
     40.678     40.276    -0.0446  28.117750    -0.0533  28.109759     6.8149     6.8563     0.5707    97.3277 4.8750e-01  -64.93226  -64.59210   8.409639      98.66   5500.792     132020         17  0.000e+00
     40.604     40.202    -0.0444  28.116855    -0.0533  28.109248     6.8192     6.8555     0.5866    97.3541 4.8750e-01  -64.93226  -64.59210   8.409639      98.63   5500.833     132021         17  0.000e+00
     40.678     40.276    -0.0452  28.114730    -0.0549  28.108284     6.8188     6.8560     0.5866    97.3541 4.8750e-01  -64.93226  -64.59210   8.409640      98.63   5500.875     132022         17  0.000e+00
     40.488     40.088    -0.0471  28.114115    -0.0578  28.107660     6.8180     6.8561     0.5866    97.3277 4.8750e-01  -64.93226  -64.59210   8.409640      98.66   5500.917     132023         17  0.000e+00
     40.802     40.398    -0.0501  28.119877    -0.0554  28.107718     6.8113     6.8558     0.5866    97.3277 4.8750e-01  -64.93226  -64.59210   8.409641      98.66   5500.958     132024         17  0.000e+00
     40.678     40.276    -0.0406  28.129273    -0.0508  28.109191     6.8067     6.8605     0.5866    97.3277 4.8750e-01  -64.93226  -64.59210   8.409641      98.66   5501.000     132025         17  0.000e+00
     40.670     40.268    -0.0296  28.135482    -0.0360  28.112763     6.8019     6.8583     0.5866    97.3277 4.8750e-01  -64.93226  -64.59210   8.409642      98.63   5501.042     132026         17  0.000e+00
     40.621     40.219    -0.0120  28.151370    -0.0331  28.113613     6.7731     6.8711     0.6342    97.3277 4.8750e-01  -64.93226  -64.59210   8.409648      98.63   5501.583     132039         18  0.000e+00
     40.621     40.219    -0.0192  28.154057    -0.0456  28.106185     6.7717     6.8751     0.6342    97.3277 4.8750e-01  -64.93226  -64.59210   8.409648      98.63   5501.625     132040         18  0.000e+00
     40.604     40.202    -0.0149  28.154280    -0.0596  28.097907     6.7757     6.8792     0.6501    97.3277 4.8750e-01  -64.93226  -64.59210   8.409649      98.63   5501.667     132041         18  0.000e+00
     40.621     40.219    -0.0046  28.154951    -0.0734  28.089743     6.7739     6.8831     0.6342    97.3277 4.8750e-01  -64.93226  -64.59210   8.409649      98.63   5501.708     132042         18  0.000e+00
     40.555     40.153     0.0044  28.160434    -0.0815  28.084131     6.7718     6.8857     0.6342    97.3277 4.8750e-01  -64.93226  -64.59210   8.409650      98.63   5501.750     132043         18  0.000e+00
     40.670     40.268     0.0126  28.166814    -0.0857  28.081183     6.7710     6.8814     0.6501    97.3277 4.8750e-01  -64.93226  -64.59208   8.409650      98.63   5501.792     132044         18  0.000e+00
     40.555     40.153     0.0089  28.171907    -0.0877  28.079199     6.7718     6.8874     0.6501    97.3277 4.9213e-01  -64.93226  -64.59208   8.409651      98.66   5501.833     132045         18  0.000e+00
     40.555     40.153     0.0130  28.175657    -0.0861  28.077895     6.7704     6.8877     0.6501    97.3277 4.9213e-01  -64.93226  -64.59208   8.409651      98.63   5501.875     132046         18  0.000e+00
     40.604     40.203     0.0188  28.179295    -0.0920  28.073701     6.7688     6.8892     0.6342    97.3277 4.9213e-01  -64.93226  -64.59208   8.409652      98.63   5501.917     132047         18  0.000e+00
     40.555     40.153     0.0206  28.177672    -0.1054  28.065710     6.7690     6.8918     0.6501    97.3277 4.9213e-01  -64.93226  -64.59208   8.409652      98.66   5501.958     132048         18  0.000e+00
     40.555     40.154     0.0228  28.174033    -0.1103  28.059305     6.7694     6.8989     0.6342    97.3277 4.9213e-01  -64.93226  -64.59208   8.409653      98.66   5502.000     132049         18  0.000e+00
     40.547     40.145     0.0218  28.174313    -0.1116  28.056925     6.7698     6.8998     0.6183    97.3277 4.9213e-01  -64.93226  -64.59208   8.409653      98.63   5502.042     132050         18  0.000e+00
     40.555     40.154     0.0183  28.176496    -0.1144  28.055225     6.7706     6.9007     0.6183    97.3277 4.9213e-01  -64.93226  -64.59208   8.409654      98.63   5502.083     132051         18  0.000e+00
     40.555     40.154     0.0197  28.179071    -0.1169  28.055509     6.7705     6.9021     0.6025    97.3277 4.9213e-01  -64.93226  -64.59208   8.409654      98.66   5502.125     132052         18  0.000e+00
     40.489     40.088     0.0207  28.175153    -0.1144  28.057379     6.7707     6.9025     0.6025    97.3277 4.9213e-01  -64.93226  -64.59208   8.409655      98.66   5502.167     132053         18  0.000e+00
     40.555     40.154     0.0177  28.159594    -0.1131  28.058909     6.7724     6.9029     0.6025    97.3277 4.9213e-01  -64.93226  -64.59208   8.409655      98.63   5502.208     132054         18  0.000e+00
     40.497     40.096     0.0063  28.144430    -0.1094  28.061119     6.7752     6.9026     0.6025    97.3277 4.9213e-01  -64.93226  -64.59208   8.409656      98.66   5502.250     132055         18  0.000e+00
     40.489     40.088    -0.0038  28.133465    -0.1040  28.065029     6.7775     6.9079     0.5866    97.3277 4.9678e-01  -64.93226  -64.59208   8.409656      98.66   5502.292     132056         18  0.000e+00
     40.497     40.096    -0.0157  28.117579    -0.1000  28.068543     6.7862     6.9081     0.5866    97.3013 4.9678e-01  -64.93226  -64.59208   8.409657      98.63   5502.333     132057         18  0.000e+00
     40.489     40.088    -0.0324  28.102425    -0.1003  28.069563     6.7849     6.9088     0.5866    97.3013 4.9678e-01  -64.93226  -64.59208   8.409657      98.63   5502.375     132058         18  0.000e+00
     40.497     40.096    -0.0475  28.096275    -0.1003  28.069677     6.7875     6.9093     0.5866    97.2748 4.9678e-01  -64.93226  -64.59208   8.409658      98.66   5502.417     132059         18  0.000e+00
     40.439     40.039    -0.0562  28.092250    -0.1002  28.068713     6.7889     6.9096     0.5866    97.2220 4.9678e-01  -64.93226  -64.59208   8.409658      98.63   5502.458     132060         18  0.000e+00
     40.489     40.088    -0.0629  28.089902    -0.1003  28.067523     6.7899     6.9098     0.5866    97.2220 4.9678e-01  -64.93226  -64.59208   8.409659      98.66   5502.500     132061         18  0.000e+00
     40.439     40.039    -0.0677  28.087610    -0.1023  28.064972     6.7905     6.9100     0.5866    97.2484 4.9678e-01  -64.93226  -64.59208   8.409659      98.63   5502.542     132062         18  0.000e+00
     40.439     40.039    -0.0748  28.079337    -0.1046  28.062705     6.7977     6.9101     0.5866    97.2220 4.9678e-01  -64.93226  -64.59208   8.409660      98.63   5502.583     132063         18  0.000e+00
     40.423     40.023    -0.0840  28.067822    -0.1089  28.059248     6.8006     6.9103     0.5866    97.1955 4.9678e-01  -64.93226  -64.59208   8.409660      98.63   5502.625     132064         18  0.000e+00
     40.439     40.039    -0.0963  28.056254    -0.1140  28.054772     6.8039     6.9104     0.5866    97.1691 5.0143e-01  -64.93226  -64.59208   8.409660      98.66   5502.667     132065         18  0.000e+00
     40.439     40.039    -0.1078  28.047146    -0.1194  28.050182     6.8068     6.9104     0.5866    97.1691 5.0143e-01  -64.93226  -64.59208   8.409661      98.63   5502.708     132066         18  0.000e+00
