example/processed/LMG1701_004.cnv
* Sea-Bird SBE 9 Data File:
* FileName = C:\Data\CTD\LMG1701\Raw\LMG1701_004.hex
* Software Version Seasave V 7.26.1.8
* Temperature SN = 4573
* Conductivity SN = 2065
* Number of Bytes Per Scan = 37
* Number of Voltage Words = 4
* Number of Scans Averaged by the Deck Unit = 1
* NMEA Latitude = 64 55.95 S
* NMEA Longitude = 064 35.76 W
* NMEA UTC (Time) = Jan 08 2017  08:18:12
* NMEA baud rate = 4800
# nquan = 30
# nvalues = 2423                        
# units = specified
# name 0 = prDM: Pressure, Digiquartz [db]
# name 1 = depSM: Depth [salt water, m]
# name 2 = t090C: Temperature [ITS-90, deg C]
# name 3 = c0mS/cm: Conductivity [mS/cm]
# name 4 = t190C: Temperature, 2 [ITS-90, deg C]
# name 5 = c1mS/cm: Conductivity, 2 [mS/cm]
# name 6 = sbeox0ML/L: Oxygen, SBE 43 [ml/l]
# name 7 = sbeox1ML/L: Oxygen, SBE 43, 2 [ml/l]
# name 8 = flECO-AFL: Fluorescence, WET Labs ECO-AFL/FL [mg/m^3]
# name 9 = CStarTr0: Beam Transmission, WET Labs C-Star [%]
# name 10 = par: PAR/Irradiance, Biospherical/Licor
# name 11 = latitude: Latitude [deg]
# name 12 = longitude: Longitude [deg]
# name 13 = timeJ: Julian Days
# name 14 = altM: Altimeter [m]
# name 15 = timeS: Time, Elapsed [seconds]
# name 16 = scan: Scan Count
# name 17 = density00: Density [density, kg/m^3]
# name 18 = density11: Density, 2 [density, kg/m^3]
# name 19 = sbox0Mm/Kg: Oxygen, SBE 43 [umol/kg]
# name 20 = sbox1Mm/Kg: Oxygen, SBE 43, 2 [umol/kg]
# name 21 = sbeox0PS: Oxygen, SBE 43 [% saturation]
# name 22 = sbeox1PS: Oxygen, SBE 43, 2 [% saturation]
# name 23 = sbeox0ML/Ldiff: Oxygen, SBE 43, Diff, 2 - 1 [ml/l]
# name 24 = sal00: Salinity, Practical [PSU]
# name 25 = sal11: Salinity, Practical, 2 [PSU]
# name 26 = density00: Density [density, kg/m^3]
# name 27 = density11: Density, 2 [density, kg/m^3]
# name 28 = nbin: number of scans per bin
# name 29 = flag: flag
# span 0 =      2.000,   1215.000       
# span 1 =      1.977,   1199.591       
# span 2 =    -0.3627,     2.6967       
# span 3 =  27.967305,  30.547077       
# span 4 =    -0.3615,     2.7082       
# span 5 =  27.963653,  30.548042       
# span 6 =     3.9264,     7.8295       
# span 7 =     3.9814,     7.9738       
# span 8 =    -0.0414,     3.2927       
# span 9 =    74.3332,    99.2651       
# span 10 = 2.9691e-02, 6.7195e+01      
# span 11 =  -64.94519,  -64.93189      
# span 12 =  -64.60679,  -64.59201      
# span 13 =   8.349594,   8.412722      
# span 14 =     -23.27,     112.32      
# span 15 =    312.893,   5767.219      
# span 16 =       7510,     138414      
# span 17 =  1026.7039,  1033.6202      
# span 18 =  1026.7084,  1033.6202      
# span 19 =    170.659,    340.803      
# span 20 =    173.032,    347.094      
# span 21 =     50.705,    103.288      
# span 22 =     51.416,    104.765      
# span 23 =    -0.0983,     0.2210      
# span 24 =    33.4724,    34.6985      
# span 25 =    33.4757,    34.6986      
# span 26 =  1026.7080,  1033.6202      
# span 27 =  1026.7142,  1033.6202      
# span 28 =          1,        101      
# span 29 = 0.0000e+00, 0.0000e+00      
# interval = decibars: 1                
# start_time = Jan 08 2017 08:18:12 [NMEA time, header]
# bad_flag = -9.990e-29
*END*
[from data line 726]
    731.000    722.568     1.3318  30.276146     1.3326  30.277290     3.9947     4.0345    -0.0176    99.1655 -9.990e-29  -64.93294  -64.59922   8.361335      98.65   1327.324      31857  1031.1994  1031.1998    173.625    175.596     51.510     52.097     0.0454    34.6859    34.6865  1031.1995  1031.1999         21 0.0000e+00
    732.000    723.557     1.3320  30.276788     1.3328  30.277839     3.9955     4.0439    -0.0166    99.1520 -9.990e-29  -64.93296  -64.59922   8.361346      98.65   1328.266      31879  1031.2041  1031.2044    173.529    175.346     51.482     52.022     0.0418    34.6859    34.6863  1031.2041  1031.2044         25 0.0000e+00
    733.000    724.539     1.3320  30.277070     1.3327  30.278173     3.9901     4.0512    -0.0166    99.1553 -9.990e-29  -64.93296  -64.59922   8.361360      98.65   1329.531      31910  1031.2086  1031.2090    173.520    175.750     51.479     52.142     0.0513    34.6857    34.6863  1031.2086  1031.2091         35 0.0000e+00
    734.000    725.520     1.3320  30.277677     1.3328  30.278715     3.9870     4.0430    -0.0267    99.1608 -9.990e-29  -64.93296  -64.59922   8.361377      98.65   1330.960      31944  1031.2133  1031.2136    173.542    175.843     51.486     52.170     0.0529    34.6859    34.6863  1031.2134  1031.2137         32 0.0000e+00
    735.000    726.508     1.3321  30.278174     1.3329  30.279311     3.9941     4.0396    -0.0325    99.1555 -9.990e-29  -64.93296  -64.59922   8.361391      98.65   1332.168      31973  1031.2180  1031.2184    173.579    175.441     51.497     52.051     0.0429    34.6858    34.6864  1031.2180  1031.2184         27 0.0000e+00
    736.000    727.499     1.3322  30.278697     1.3330  30.279763     3.9937     4.0441    -0.0169    99.1686 -9.990e-29  -64.93296  -64.59922   8.361403      98.65   1333.252      31999  1031.2226  1031.2229    173.616    175.702     51.508     52.128     0.0480    34.6858    34.6863  1031.2227  1031.2230         26 0.0000e+00
    737.000    728.486     1.3322  30.279154     1.3331  30.280267     3.9925     4.0424    -0.0166    99.1607 -9.990e-29  -64.93296  -64.59920   8.361417      98.65   1334.453      32028  1031.2273  1031.2277    173.393    176.034     51.442     52.227     0.0608    34.6858    34.6864  1031.2273  1031.2277         33 0.0000e+00
    738.000    729.468     1.3324  30.279678     1.3331  30.280788     3.9917     4.0471    -0.0184    99.1602 -9.990e-29  -64.93296  -64.59920   8.361435      98.65   1335.985      32065  1031.2319  1031.2323    173.262    175.669     51.403     52.119     0.0554    34.6858    34.6864  1031.2319  1031.2323         37 0.0000e+00
    739.000    730.455     1.3326  30.280303     1.3332  30.281374     3.9932     4.0455    -0.0268    99.1739 -9.990e-29  -64.93296  -64.59920   8.361451      98.65   1337.381      32098  1031.2365  1031.2370    173.578    175.574     51.498     52.091     0.0459    34.6858    34.6865  1031.2366  1031.2370         30 0.0000e+00
    740.000    731.442     1.3328  30.280970     1.3334  30.282027     3.9912     4.0465    -0.0245    99.1625 -9.990e-29  -64.93296 -9.990e-29   8.361464      98.64   1338.486      32125  1031.2413  1031.2416    173.547    175.726     51.489     52.136     0.0501    34.6859    34.6865  1031.2413  1031.2417         24 0.0000e+00
    741.000    732.430     1.3329  30.281498     1.3336  30.282632     3.9862     4.0473    -0.0326    99.1481 -9.990e-29  -64.93296 -9.990e-29   8.361476      98.65   1339.490      32149  1031.2459  1031.2463    173.480    175.635     51.469     52.109     0.0496    34.6859    34.6865  1031.2459  1031.2463         24 0.0000e+00
    742.000    733.418     1.3330  30.282047     1.3337  30.283151     3.9879     4.0480    -0.0146    99.1547 -9.990e-29  -64.93296 -9.990e-29   8.361488      98.65   1340.529      32174  1031.2505  1031.2510    173.420    175.855     51.451     52.175     0.0560    34.6859    34.6865  1031.2506  1031.2510         26 0.0000e+00
    743.000    734.404     1.3332  30.282709     1.3338  30.283707     3.9875     4.0399    -0.0129    99.1373 -9.990e-29  -64.93296  -64.59918   8.361500      98.64   1341.611      32200  1031.2552  1031.2556    173.495    175.827     51.474     52.166     0.0537    34.6860    34.6865  1031.2553  1031.2556         26 0.0000e+00
    744.000    735.389     1.3334  30.283425     1.3341  30.284450     3.9853     4.0314    -0.0167    99.1400 -9.990e-29  -64.93296  -64.59918   8.361513      98.65   1342.685      32225  1031.2599  1031.2602    173.537    175.794     51.487     52.157     0.0519    34.6861    34.6866  1031.2600  1031.2603         25 0.0000e+00
    745.000    736.375     1.3337  30.284068     1.3344  30.285214     3.9872     4.0429    -0.0306    99.1461 -9.990e-29  -64.93297  -64.59918   8.361524      98.65   1343.697      32250  1031.2645  1031.2649    173.346    175.832     51.430     52.169     0.0572    34.6860    34.6867  1031.2646  1031.2650         24 0.0000e+00
    746.000    737.365     1.3338  30.284634     1.3345  30.285711     3.9885     4.0432    -0.0181    99.1537 -9.990e-29  -64.93298  -64.59917   8.361536      98.65   1344.674      32273  1031.2691  1031.2695    173.246    175.879     51.401     52.183     0.0606    34.6861    34.6866  1031.2692  1031.2696         24 0.0000e+00
    747.000    738.356     1.3339  30.285091     1.3346  30.286235     3.9842     4.0422    -0.0315    99.1435 -9.990e-29  -64.93298  -64.59916   8.361548      98.65   1345.737      32299  1031.2738  1031.2742    173.266    175.903     51.407     52.190     0.0607    34.6860    34.6866  1031.2738  1031.2743         28 0.0000e+00
    748.000    739.340     1.3338  30.285520     1.3347  30.286622     3.9880     4.0388    -0.0335    99.1508 -9.990e-29  -64.93298  -64.59916   8.361565      98.64   1347.247      32335  1031.2785  1031.2788    173.224    175.305     51.394     52.013     0.0479    34.6860    34.6865  1031.2785  1031.2788         45 0.0000e+00
    749.000    740.320     1.3339  30.286067     1.3347  30.287080     3.9895     4.0496    -0.0161    99.1570 -9.990e-29  -64.93298  -64.59916   8.361587      98.65   1349.112      32380  1031.2831  1031.2834    173.314    175.693     51.421     52.128     0.0548    34.6860    34.6865  1031.2832  1031.2835         40 0.0000e+00
    750.000    741.306     1.3342  30.286796     1.3349  30.287822     3.9912     4.0462    -0.0327    99.1668 -9.990e-29  -64.93298  -64.59914   8.361603      98.65   1350.499      32413  1031.2878  1031.2881    173.142    175.669     51.370     52.121     0.0582    34.6861    34.6866  1031.2879  1031.2882         28 0.0000e+00
    751.000    742.295     1.3344  30.287347     1.3350  30.288363     3.9864     4.0451    -0.0339    99.1677 -9.990e-29  -64.93298  -64.59913   8.361615      98.65   1351.538      32438  1031.2924  1031.2928    173.181    175.418     51.382     52.047     0.0515    34.6861    34.6866  1031.2925  1031.2929         23 0.0000e+00
    752.000    743.282     1.3345  30.287857     1.3351  30.288850     3.9895     4.0454    -0.0169    99.1460 -9.990e-29  -64.93298  -64.59912   8.361626      98.65   1352.461      32460  1031.2970  1031.2974    173.308    175.543     51.420     52.084     0.0514    34.6861    34.6866  1031.2971  1031.2975         22 0.0000e+00
    753.000    744.272     1.3345  30.288323     1.3352  30.289442     3.9884     4.0352    -0.0166    99.1230 -9.990e-29  -64.93298  -64.59912   8.361636      98.65   1353.388      32482  1031.3018  1031.3022    173.386    175.827     51.443     52.168     0.0562    34.6861    34.6867  1031.3018  1031.3022         22 0.0000e+00
    754.000    745.260     1.3345  30.288815     1.3352  30.289805     3.9908     4.0379    -0.0166    99.1358 -9.990e-29  -64.93298  -64.59912   8.361648      98.63   1354.380      32506  1031.3065  1031.3067    173.337    175.998     51.429     52.219     0.0612    34.6862    34.6866  1031.3065  1031.3068         25 0.0000e+00
    755.000    746.243     1.3346  30.289411     1.3353  30.290399     3.9903     4.0443 -9.990e-29    99.1488 -9.990e-29  -64.93298 -9.990e-29   8.361661      98.64   1355.478      32532  1031.3111  1031.3114    173.429    175.823     51.456     52.167     0.0551    34.6862    34.6867  1031.3112  1031.3115         28 0.0000e+00
    756.000    747.232     1.3348  30.289972     1.3355  30.291055     3.9872     4.0434 -9.990e-29    99.1393 -9.990e-29  -64.93298 -9.990e-29   8.361675      98.64   1356.721      32562  1031.3157  1031.3161    173.264    175.761     51.407     52.149     0.0575    34.6862    34.6867  1031.3157  1031.3161         32 0.0000e+00
    757.000    748.217     1.3351  30.290692     1.3358  30.291788     3.9841     4.0427    -0.0311    99.1316 -9.990e-29  -64.93298  -64.59910   8.361691      98.65   1358.078      32595  1031.3204  1031.3207    173.319    175.530     51.424     52.081     0.0509    34.6862    34.6868  1031.3204  1031.3208         33 0.0000e+00
    758.000    749.202     1.3352  30.291233     1.3359  30.292327     3.9849     4.0348    -0.0165    99.1561 -9.990e-29  -64.93298  -64.59908   8.361706      98.65   1359.404      32627  1031.3250  1031.3254    173.423    175.475     51.455     52.065     0.0472    34.6862    34.6868  1031.3250  1031.3254         30 0.0000e+00
    759.000    750.189     1.3353  30.291751     1.3360  30.292810     3.9892     4.0298    -0.0252    99.1498 -9.990e-29  -64.93298  -64.59908   8.361721      98.64   1360.658      32657  1031.3296  1031.3299    173.342    175.735     51.431     52.142     0.0551    34.6862    34.6867  1031.3296  1031.3300         30 0.0000e+00
    760.000    751.173     1.3355  30.292378     1.3361  30.293406     3.9853     4.0336    -0.0325    99.1634 -9.990e-29  -64.93298  -64.59907   8.361734      98.65   1361.837      32685  1031.3343  1031.3346    173.274    175.698     51.411     52.131     0.0558    34.6862    34.6868  1031.3344  1031.3348         27 0.0000e+00
    761.000    752.163     1.3358  30.293148     1.3365  30.294132     3.9806     4.0477    -0.0199    99.1681 -9.990e-29  -64.93298  -64.59906   8.361747      98.64   1362.897      32711  1031.3390  1031.3393    173.183    175.660     51.385     52.121     0.0570    34.6863    34.6868  1031.3391  1031.3393         24 0.0000e+00
    762.000    753.152     1.3359  30.293625     1.3366  30.294746     3.9889     4.0368    -0.0306    99.1427 -9.990e-29  -64.93298  -64.59906   8.361758      98.64   1363.900      32735  1031.3436  1031.3440    173.041    175.522     51.343     52.080     0.0571    34.6862    34.6869  1031.3436  1031.3440         24 0.0000e+00
    763.000    754.139     1.3360  30.294141     1.3367  30.295192     3.9914     4.0398    -0.0211    99.1524 -9.990e-29  -64.93298  -64.59905   8.361771      98.64   1364.991      32761  1031.3483  1031.3486    173.236    175.173     51.401     51.977     0.0446    34.6863    34.6868  1031.3483  1031.3487         29 0.0000e+00
    764.000    755.125     1.3362  30.294752     1.3369  30.295824     3.9896     4.0452    -0.0252    99.1644 -9.990e-29  -64.93298  -64.59903   8.361787      98.64   1366.414      32795  1031.3529  1031.3532    173.296    175.163     51.419     51.974     0.0430    34.6863    34.6868  1031.3529  1031.3533         39 0.0000e+00
    765.000    756.107     1.3363  30.295362     1.3370  30.296462     3.9868     4.0440    -0.0164    99.1613 -9.990e-29  -64.93298  -64.59902   8.361805      98.64   1367.987      32833  1031.3575  1031.3579    173.001    175.797     51.331     52.162     0.0643    34.6863    34.6869  1031.3576  1031.3580         35 0.0000e+00
    766.000    757.092     1.3365  30.296089     1.3373  30.297156     3.9739     4.0426    -0.0166    99.1287 -9.990e-29  -64.93298  -64.59902   8.361820      98.64   1369.265      32863  1031.3622  1031.3626    173.402    175.412     51.451     52.048     0.0462    34.6864    34.6870  1031.3623  1031.3627         27 0.0000e+00
    767.000    758.082     1.3369  30.296968     1.3376  30.297928     3.9725     4.0344    -0.0166    99.1412 -9.990e-29  -64.93298  -64.59902   8.361833      98.64   1370.344      32889  1031.3670  1031.3672    173.449    175.590     51.465     52.102     0.0493    34.6866    34.6870  1031.3670  1031.3673         25 0.0000e+00
    768.000    759.067     1.3370  30.297413     1.3378  30.298461     3.9821     4.0351    -0.0272    99.1439 -9.990e-29  -64.93300 -9.990e-29   8.361844      98.64   1371.351      32913  1031.3715  1031.3719    173.393    175.766     51.448     52.154     0.0546    34.6865    34.6870  1031.3716  1031.3719         24 0.0000e+00
    769.000    760.056     1.3371  30.297931     1.3378  30.299032     3.9825     4.0393    -0.0338    99.1526 -9.990e-29  -64.93300 -9.990e-29   8.361856      98.64   1372.346      32937  1031.3762  1031.3766    173.348    175.802     51.435     52.165     0.0565    34.6865    34.6871  1031.3763  1031.3767         24 0.0000e+00
    770.000    761.043     1.3373  30.298568     1.3380  30.299656     3.9844     4.0391    -0.0236    99.1482 -9.990e-29  -64.93300 -9.990e-29   8.361867      98.64   1373.328      32961  1031.3808  1031.3812    173.088    175.726     51.359     52.143     0.0607    34.6865    34.6871  1031.3809  1031.3813         23 0.0000e+00
    771.000    762.032     1.3373  30.298961     1.3381  30.300103     3.9839     4.0408    -0.0167    99.1380 -9.990e-29  -64.93300 -9.990e-29   8.361879      98.65   1374.317      32985  1031.3854  1031.3859    172.647    175.639     51.228     52.117     0.0689    34.6864    34.6870  1031.3855  1031.3859         25 0.0000e+00
    772.000    763.019     1.3373  30.299451     1.3381  30.300551     3.9869     4.0419    -0.0166    99.1349 -9.990e-29  -64.93300  -64.59898   8.361892      98.64   1375.493      33013  1031.3901  1031.3905    172.733    175.336     51.253     52.027     0.0599    34.6865    34.6870  1031.3902  1031.3905         33 0.0000e+00
    773.000    764.001     1.3373  30.299866     1.3382  30.300996     3.9876     4.0362 -9.990e-29    99.1292 -9.990e-29  -64.93300  -64.59898   8.361912      98.65   1377.211      33054  1031.3948  1031.3950    173.074    175.461     51.354     52.064     0.0549    34.6864    34.6869  1031.3948  1031.3951         45 0.0000e+00
    774.000    764.982     1.3376  30.300497     1.3383  30.301474     3.9828     4.0272    -0.0325    99.1513 -9.990e-29  -64.93300  -64.59896   8.361930      98.64   1378.732      33091  1031.3993  1031.3996    173.109    175.531     51.365     52.085     0.0557    34.6864    34.6868  1031.3994  1031.3997         28 0.0000e+00
    775.000    765.972     1.3376  30.301083     1.3384  30.302187     3.9845     4.0371    -0.0288    99.1431 -9.990e-29  -64.93300  -64.59895   8.361941      98.64   1379.740      33115  1031.4041  1031.4044    173.162    175.616     51.381     52.110     0.0565    34.6866    34.6871  1031.4042  1031.4045         22 0.0000e+00
    776.000    766.960     1.3377  30.301595     1.3385  30.302639     3.9882     4.0353    -0.0182    99.1391 -9.990e-29  -64.93300  -64.59893   8.361951      98.64   1380.590      33135  1031.4088  1031.4090    173.261    175.638     51.410     52.117     0.0547    34.6866    34.6870  1031.4088  1031.4091         19 0.0000e+00
    777.000    767.952     1.3378  30.302107     1.3385  30.303107     3.9894     4.0389    -0.0333    99.1201 -9.990e-29  -64.93300  -64.59892   8.361961      98.65   1381.420      33155  1031.4135  1031.4137    173.318    175.662     51.427     52.124     0.0539    34.6866    34.6870  1031.4135  1031.4138         21 0.0000e+00
