example/processed/LMG1701_004.cnv
* Sea-Bird SBE 9 Data File:
* FileName = C:\Data\CTD\LMG1701\Raw\LMG1701_004.hex
* Software Version Seasave V 7.26.1.8
* Temperature SN = 4573
* Conductivity SN = 2065
* Number of Bytes Per Scan = 37
* Number of Voltage Words = 4
* Number of Scans Averaged by the Deck Unit = 1
* NMEA Latitude = 64 55.95 S
* NMEA Longitude = 064 35.76 W
* NMEA UTC (Time) = Jan 08 2017  08:18:12
* NMEA baud rate = 4800
# nquan = 30
# nvalues = 2423                        
# units = specified
# name 0 = prDM: Pressure, Digiquartz [db]
# name 1 = depSM: Depth [salt water, m]
# name 2 = t090C: Temperature [ITS-90, deg C]
# name 3 = c0mS/cm: Conductivity [mS/cm]
# name 4 = t190C: Temperature, 2 [ITS-90, deg C]
# name 5 = c1mS/cm: Conductivity, 2 [mS/cm]
# name 6 = sbeox0ML/L: Oxygen, SBE 43 [ml/l]
# name 7 = sbeox1ML/L: Oxygen, SBE 43, 2 [ml/l]
# name 8 = flECO-AFL: Fluorescence, WET Labs ECO-AFL/FL [mg/m^3]
# name 9 = CStarTr0: Beam Transmission, WET Labs C-Star [%]
# name 10 = par: PAR/Irradiance, Biospherical/Licor
# name 11 = latitude: Latitude [deg]
# name 12 = longitude: Longitude [deg]
# name 13 = timeJ: Julian Days
# name 14 = altM: Altimeter [m]
# name 15 = timeS: Time, Elapsed [seconds]
# name 16 = scan: Scan Count
# name 17 = density00: Density [density, kg/m^3]
# name 18 = density11: Density, 2 [density, kg/m^3]
# name 19 = sbox0Mm/Kg: Oxygen, SBE 43 [umol/kg]
# name 20 = sbox1Mm/Kg: Oxygen, SBE 43, 2 [umol/kg]
# name 21 = sbeox0PS: Oxygen, SBE 43 [% saturation]
# name 22 = sbeox1PS: Oxygen, SBE 43, 2 [% saturation]
# name 23 = sbeox0ML/Ldiff: Oxygen, SBE 43, Diff, 2 - 1 [ml/l]
# name 24 = sal00: Salinity, Practical [PSU]
# name 25 = sal11: Salinity, Practical, 2 [PSU]
# name 26 = density00: Density [density, kg/m^3]
# name 27 = density11: Density, 2 [density, kg/m^3]
# name 28 = nbin: number of scans per bin
# name 29 = flag: flag
# span 0 =      2.000,   1215.000       
# span 1 =      1.977,   1199.591       
# span 2 =    -0.3627,     2.6967       
# span 3 =  27.967305,  30.547077       
# span 4 =    -0.3615,     2.7082       
# span 5 =  27.963653,  30.548042       
# span 6 =     3.9264,     7.8295       
# span 7 =     3.9814,     7.9738       
# span 8 =    -0.0414,     3.2927       
# span 9 =    74.3332,    99.2651       
# span 10 = 2.9691e-02, 6.7195e+01      
# span 11 =  -64.94519,  -64.93189      
# span 12 =  -64.60679,  -64.59201      
# span 13 =   8.349594,   8.412722      
# span 14 =     -23.27,     112.32      
# span 15 =    312.893,   5767.219      
# span 16 =       7510,     138414      
# span 17 =  1026.7039,  1033.6202      
# span 18 =  1026.7084,  1033.6202      
# span 19 =    170.659,    340.803      
# span 20 =    173.032,    347.094      
# span 21 =     50.705,    103.288      
# span 22 =     51.416,    104.765      
# span 23 =    -0.0983,     0.2210      
# span 24 =    33.4724,    34.6985      
# span 25 =    33.4757,    34.6986      
# span 26 =  1026.7080,  1033.6202      
# span 27 =  1026.7142,  1033.6202      
# span 28 =          1,        101      
# span 29 = 0.0000e+00, 0.0000e+00      
# interval = decibars: 1                
# start_time = Jan 08 2017 08:18:12 [NMEA time, header]
# bad_flag = -9.990e-29
*END*
[from data line 822]
    827.000    817.270     1.3415  30.327554     1.3422  30.328672     3.9778     4.0414    -0.0166    99.1889 -9.990e-29  -64.93302  -64.59851   8.362671      98.66   1442.778      34628  1031.6457  1031.6462    173.168    175.571     51.388     52.102     0.0553    34.6870    34.6876  1031.6458  1031.6462         24 0.0000e+00
    828.000    818.257     1.3419  30.328368     1.3424  30.329390     3.9791     4.0419    -0.0166    99.1956 -9.990e-29  -64.93302  -64.59850   8.362683      98.66   1443.819      34653  1031.6504  1031.6508    173.089    175.630     51.365     52.120     0.0585    34.6870    34.6877  1031.6504  1031.6509         27 0.0000e+00
    829.000    819.243     1.3421  30.329037     1.3427  30.330005     3.9817     4.0347    -0.0272    99.1987 -9.990e-29  -64.93302  -64.59849   8.362698      98.66   1445.147      34685  1031.6550  1031.6554    173.052    175.594     51.354     52.110     0.0585    34.6871    34.6876  1031.6551  1031.6555         37 0.0000e+00
    830.000    820.221     1.3433  30.330585     1.3439  30.331642     3.9803     4.0259 -9.990e-29    99.2023 -9.990e-29  -64.93302  -64.59847   8.362716      98.66   1446.697      34722  1031.6596  1031.6600    172.963    175.692     51.330     52.140     0.0628    34.6872    34.6878  1031.6597  1031.6601         34 0.0000e+00
    831.000    821.210     1.3436  30.331449     1.3443  30.332469     3.9791     4.0342 -9.990e-29    99.2014 -9.990e-29  -64.93302  -64.59844   8.362730      15.88   1447.908      34751  1031.6643  1031.6647    172.792    175.631     51.279     52.123     0.0653    34.6873    34.6879  1031.6644  1031.6649         26 0.0000e+00
    832.000    822.197     1.3442  30.332436     1.3449  30.333416     3.9777     4.0330 -9.990e-29    99.1742 -9.990e-29  -64.93302  -64.59841   8.362742       9.11   1448.902      34775  1031.6690  1031.6693    172.935    175.627     51.322     52.122     0.0619    34.6874    34.6879  1031.6691  1031.6694         22 0.0000e+00
    833.000    823.192     1.3447  30.333318     1.3454  30.334366     3.9772     4.0279    -0.0073    99.1875 -9.990e-29  -64.93302  -64.59840   8.362753      95.09   1449.889      34798  1031.6736  1031.6740    173.124    175.424     51.379     52.063     0.0529    34.6874    34.6880  1031.6737  1031.6741         27 0.0000e+00
    834.000    824.174     1.3449  30.333860     1.3457  30.334931     3.9778     4.0278    -0.0218    99.1816 -9.990e-29  -64.93302 -9.990e-29   8.362774      89.07   1451.637      34840  1031.6782  1031.6785    172.885    175.072     51.308     51.959     0.0503    34.6874    34.6878  1031.6783  1031.6785         47 0.0000e+00
    835.000    825.149     1.3449  30.334417     1.3455  30.335228     3.9791     4.0328    -0.0337    99.0887 2.9724e-02  -64.93302  -64.59838   8.362799       3.60   1453.868      34894  1031.6829  1031.6832    172.783    175.304     51.278     52.027     0.0580    34.6874    34.6879  1031.6830  1031.6833         32 0.0000e+00
    836.000    826.139     1.3443  30.333928     1.3445  30.334817     3.9817     4.0407    -0.0295    99.1579 2.9724e-02  -64.93302  -64.59837   8.362811      43.58   1454.881      34918  1031.6874  1031.6880    172.851    175.012     51.297     51.939     0.0497    34.6870    34.6878  1031.6874  1031.6880         22 0.0000e+00
    837.000    827.127     1.3428  30.333104     1.3434  30.334020     3.9777     4.0405    -0.0164    99.1713 2.9724e-02  -64.93302  -64.59836   8.362821      99.42   1455.720      34938  1031.6922  1031.6926    172.927    174.965     51.318     51.924     0.0469    34.6870    34.6876  1031.6921  1031.6925         19 0.0000e+00
    838.000    828.119     1.3422  30.333196     1.3429  30.334209     3.9836     4.0412    -0.0166    99.1572 2.9724e-02  -64.93302  -64.59836   8.362830      98.65   1456.500      34957  1031.6970  1031.6973    172.771    175.076     51.271     51.956     0.0530    34.6872    34.6877  1031.6970  1031.6973         19 0.0000e+00
    839.000    829.110     1.3418  30.333268     1.3426  30.334336     3.9806     4.0408    -0.0287    99.1753 2.9724e-02  -64.93302  -64.59836   8.362840      98.65   1457.338      34977  1031.7017  1031.7020    172.785    175.095     51.275     51.962     0.0532    34.6872    34.6877  1031.7016  1031.7020         22 0.0000e+00
    840.000    830.094     1.3417  30.333555     1.3425  30.334595     3.9855     4.0389    -0.0328    99.1714 2.9724e-02  -64.93302  -64.59834   8.362853      98.65   1458.483      35005  1031.7063  1031.7066    172.886    175.177     51.305     51.986     0.0527    34.6871    34.6876  1031.7062  1031.7065         35 0.0000e+00
    841.000    831.072     1.3418  30.333995     1.3425  30.335115     3.9807     4.0284    -0.0233    99.1838 -9.990e-29  -64.93302  -64.59833   8.362872      98.65   1460.123      35044  1031.7109  1031.7112    172.975    175.557     51.331     52.099     0.0594    34.6871    34.6877  1031.7108  1031.7113         39 0.0000e+00
    842.000    832.058     1.3419  30.334550     1.3426  30.335613     3.9826     4.0358    -0.0165    99.2199 -9.990e-29  -64.93302  -64.59832   8.362888      98.65   1461.539      35078  1031.7154  1031.7159    173.037    175.610     51.350     52.114     0.0592    34.6871    34.6877  1031.7155  1031.7159         30 0.0000e+00
    843.000    833.048     1.3419  30.335101     1.3427  30.336107     3.9825     4.0370    -0.0166    99.1988 2.9724e-02  -64.93302  -64.59832   8.362902      98.65   1462.762      35107  1031.7202  1031.7205    172.939    175.559     51.321     52.099     0.0603    34.6872    34.6876  1031.7202  1031.7205         29 0.0000e+00
    844.000    834.033     1.3420  30.335582     1.3428  30.336665     3.9832     4.0370    -0.0166    99.2320 2.9724e-02  -64.93302  -64.59831   8.362916      98.65   1463.967      35136  1031.7247  1031.7251    173.288    175.385     51.424     52.048     0.0483    34.6871    34.6877  1031.7248  1031.7252         29 0.0000e+00
    845.000    835.020     1.3422  30.336219     1.3429  30.337223     3.9811     4.0381    -0.0293    99.2476 2.9724e-02  -64.93302  -64.59830   8.362930      98.65   1465.183      35165  1031.7294  1031.7298    172.943    175.036     51.322     51.944     0.0482    34.6872    34.6877  1031.7295  1031.7298         30 0.0000e+00
    846.000    836.008     1.3422  30.336683     1.3430  30.337709     3.9806     4.0389    -0.0279    99.2403 2.9724e-02  -64.93302  -64.59830   8.362945      98.66   1466.445      35196  1031.7341  1031.7344    173.051    175.343     51.354     52.036     0.0527    34.6872    34.6876  1031.7341  1031.7344         31 0.0000e+00
    847.000    836.992     1.3423  30.337232     1.3430  30.338317     3.9807     4.0395    -0.0165    99.2394 -9.990e-29  -64.93302  -64.59829   8.362961      98.65   1467.822      35229  1031.7387  1031.7391    173.056    175.422     51.356     52.059     0.0545    34.6872    34.6878  1031.7387  1031.7392         34 0.0000e+00
    848.000    837.977     1.3424  30.337689     1.3431  30.338718     3.9791     4.0404    -0.0312    99.2550 -9.990e-29  -64.93302  -64.59828   8.362977      98.65   1469.190      35262  1031.7433  1031.7436    173.077    175.420     51.362     52.059     0.0539    34.6872    34.6877  1031.7433  1031.7437         31 0.0000e+00
    849.000    838.961     1.3425  30.338164     1.3432  30.339271     3.9784     4.0398    -0.0331    99.2297 2.9724e-02  -64.93302  -64.59828   8.362990      98.66   1470.364      35290  1031.7479  1031.7483    172.976    175.478     51.332     52.076     0.0576    34.6871    34.6877  1031.7479  1031.7484         26 0.0000e+00
    850.000    839.950     1.3427  30.338990     1.3435  30.339997     3.9785     4.0400    -0.0271    99.2554 2.9724e-02  -64.93302  -64.59828   8.363002      98.66   1471.406      35315  1031.7527  1031.7529    172.990    175.504     51.337     52.084     0.0579    34.6874    34.6878  1031.7528  1031.7530         24 0.0000e+00
    851.000    840.939     1.3431  30.339644     1.3438  30.340715     3.9830     4.0396    -0.0165    99.2651 2.9724e-02  -64.93302  -64.59826   8.363014      98.66   1472.404      35339  1031.7572  1031.7576    172.993    175.513     51.338     52.087     0.0580    34.6873    34.6878  1031.7573  1031.7577         24 0.0000e+00
    852.000    841.926     1.3431  30.340131     1.3439  30.341159     3.9827     4.0412    -0.0166    99.2640 2.9724e-02  -64.93302  -64.59826   8.363026      98.66   1473.458      35364  1031.7619  1031.7622    172.906    175.562     51.312     52.102     0.0611    34.6873    34.6878  1031.7620  1031.7623         28 0.0000e+00
    853.000    842.911     1.3438  30.341236     1.3443  30.342123     3.9788     4.0325    -0.0166    99.2351 2.9724e-02  -64.93302  -64.59826   8.363042      98.66   1474.819      35397  1031.7665  1031.7669    172.900    175.545     51.312     52.097     0.0609    34.6874    34.6879  1031.7666  1031.7670         38 0.0000e+00
    854.000    843.891     1.3448  30.342695     1.3454  30.343619     3.9763     4.0341    -0.0251    99.1701 2.9724e-02  -64.93302 -9.990e-29   8.363061      98.66   1476.440      35436  1031.7712  1031.7715    172.886    175.554     51.309     52.101     0.0614    34.6876    34.6881  1031.7713  1031.7717         35 0.0000e+00
    855.000    844.877     1.3461  30.344348     1.3466  30.345174     3.9742     4.0340    -0.0196    99.2266 2.9724e-02  -64.93302 -9.990e-29   8.363075      98.66   1477.664      35465  1031.7757  1031.7761    173.078    175.541     51.368     52.099     0.0567    34.6876    34.6882  1031.7759  1031.7763         26 0.0000e+00
    856.000    845.868     1.3467  30.345364     1.3475  30.346455     3.9757     4.0368    -0.0166    99.2263 2.9724e-02  -64.93302 -9.990e-29   8.363086      98.66   1478.663      35489  1031.7804  1031.7807    173.068    175.601     51.365     52.118     0.0583    34.6877    34.6883  1031.7805  1031.7809         23 0.0000e+00
    857.000    846.857     1.3472  30.346385     1.3477  30.347181     3.9785     4.0260    -0.0166    99.2101 2.9724e-02  -64.93302  -64.59823   8.363098      98.66   1479.648      35513  1031.7851  1031.7853    172.944    175.302     51.329     52.030     0.0543    34.6880    34.6884  1031.7853  1031.7856         25 0.0000e+00
    858.000    847.844     1.3488  30.348148     1.3492  30.348902     3.9793     4.0264    -0.0209    99.2164 2.9724e-02  -64.93302  -64.59822   8.363112      98.66   1480.853      35541  1031.7896  1031.7900    172.794    175.175     51.287     51.994     0.0548    34.6879    34.6884  1031.7897  1031.7901         33 0.0000e+00
    859.000    848.825     1.3491  30.348877     1.3498  30.350037     3.9746     4.0348    -0.0228    99.1890 2.9724e-02  -64.93302  -64.59822   8.363129      98.66   1482.313      35577  1031.7943  1031.7947    172.703    175.296     51.260     52.031     0.0597    34.6879    34.6886  1031.7944  1031.7949         36 0.0000e+00
    860.000    849.811     1.3495  30.349751     1.3502  30.350790     3.9745     4.0349    -0.0166    99.1845 2.9724e-02  -64.93302  -64.59820   8.363145      98.66   1483.746      35611  1031.7989  1031.7993    172.780    175.341     51.284     52.045     0.0590    34.6880    34.6886  1031.7990  1031.7995         33 0.0000e+00
    861.000    850.797     1.3504  30.351200     1.3512  30.352143     3.9732     4.0403    -0.0251    99.1762 2.9724e-02  -64.93302  -64.59820   8.363160      98.66   1485.064      35643  1031.8036  1031.8039    172.854    174.849     51.307     51.900     0.0459    34.6883    34.6887  1031.8038  1031.8041         30 0.0000e+00
    862.000    851.782     1.3514  30.352382     1.3518  30.353357     3.9833     4.0445    -0.0207    99.1712 2.9724e-02  -64.93302  -64.59820   8.363174      98.66   1486.244      35671  1031.8082  1031.8086    172.962    175.069     51.340     51.966     0.0485    34.6882    34.6889  1031.8083  1031.8088         27 0.0000e+00
    863.000    852.771     1.3514  30.352846     1.3521  30.353904     3.9785     4.0469    -0.0166    99.1203 2.9724e-02  -64.93302  -64.59820   8.363187      98.66   1487.350      35697  1031.8129  1031.8132    172.656    175.365     51.249     52.055     0.0624    34.6882    34.6887  1031.8130  1031.8133         26 0.0000e+00
    864.000    853.758     1.3515  30.353493     1.3522  30.354488     3.9731     4.0417    -0.0166    99.1413 2.9724e-02  -64.93302  -64.59818   8.363200      98.66   1488.484      35725  1031.8176  1031.8179    172.752    175.343     51.278     52.048     0.0596    34.6884    34.6889  1031.8177  1031.8181         29 0.0000e+00
    865.000    854.744     1.3517  30.354071     1.3523  30.354992     3.9800     4.0304    -0.0226    99.1434 2.9724e-02  -64.93302  -64.59818   8.363214      98.66   1489.704      35754  1031.8222  1031.8225    172.597    175.416     51.232     52.070     0.0649    34.6883    34.6888  1031.8223  1031.8227         29 0.0000e+00
    866.000    855.727     1.3511  30.353791     1.3517  30.354833     3.9807     4.0310    -0.0232    99.1270 2.9724e-02  -64.93302  -64.59817   8.363228      98.66   1490.916      35783  1031.8268  1031.8272    172.976    175.735     51.344     52.164     0.0635    34.6881    34.6887  1031.8268  1031.8272         29 0.0000e+00
    867.000    856.716     1.3507  30.354000     1.3514  30.355037     3.9799     4.0383    -0.0167    99.1419 2.9724e-02  -64.93302  -64.59816   8.363242      98.66   1492.083      35811  1031.8316  1031.8319    172.946    175.852     51.334     52.198     0.0669    34.6882    34.6887  1031.8316  1031.8319         28 0.0000e+00
    868.000    857.702     1.3507  30.354406     1.3514  30.355530     3.9708     4.0390 -9.990e-29    99.1271 2.9724e-02  -64.93302  -64.59816   8.363256      98.66   1493.302      35840  1031.8361  1031.8366    172.691    175.666     51.259     52.143     0.0685    34.6881    34.6888  1031.8362  1031.8366         30 0.0000e+00
    869.000    858.684     1.3508  30.354888     1.3515  30.355950     3.9678     4.0319 -9.990e-29    99.1044 2.9724e-02  -64.93302  -64.59816   8.363271      98.66   1494.590      35871  1031.8407  1031.8412    172.835    175.200     51.302     52.005     0.0544    34.6881    34.6888  1031.8408  1031.8412         30 0.0000e+00
    870.000    859.672     1.3509  30.355488     1.3516  30.356433     3.9740     4.0234    -0.0325    99.1307 2.9724e-02  -64.93302  -64.59815   8.363284      98.66   1495.749      35899  1031.8454  1031.8457    173.045    175.058     51.364     51.963     0.0463    34.6882    34.6887  1031.8455  1031.8458         26 0.0000e+00
    871.000    860.658     1.3510  30.356014     1.3516  30.356970     3.9764     4.0325    -0.0325    99.1462 2.9724e-02  -64.93302  -64.59814   8.363296      98.66   1496.774      35924  1031.8501  1031.8504    172.905    175.476     51.323     52.087     0.0592    34.6882    34.6888  1031.8501  1031.8505         24 0.0000e+00
    872.000    861.650     1.3510  30.356413     1.3517  30.357444     3.9747     4.0357    -0.0213    99.1310 2.9724e-02  -64.93302  -64.59813   8.363308      98.66   1497.849      35949  1031.8548  1031.8551    172.806    175.498     51.293     52.093     0.0619    34.6882    34.6888  1031.8548  1031.8551         29 0.0000e+00
    873.000    862.632     1.3510  30.356807     1.3517  30.357897     3.9754     4.0295    -0.0253    99.1230 2.9724e-02  -64.93302  -64.59812   8.363326      98.66   1499.330      35985  1031.8593  1031.8597    172.403    175.273     51.174     52.027     0.0661    34.6881    34.6887  1031.8593  1031.8598         43 0.0000e+00
    874.000    863.615     1.3511  30.357368     1.3518  30.358430     3.9729     4.0231    -0.0203    99.1179 2.9724e-02  -64.93302  -64.59812   8.363346      98.66   1501.093      36027  1031.8639  1031.8643    172.731    174.931     51.271     51.925     0.0506    34.6882    34.6888  1031.8640  1031.8644         37 0.0000e+00
