example/processed/LMG1701_004.ros
* Sea-Bird SBE 9 Data File:
* FileName = C:\Data\CTD\LMG1701\Raw\LMG1701_004.hex
* Software Version Seasave V 7.26.1.8
* Temperature SN = 4573
* Conductivity SN = 2065
* Number of Bytes Per Scan = 37
* Number of Voltage Words = 4
* Number of Scans Averaged by the Deck Unit = 1
* NMEA Latitude = 64 55.95 S
* NMEA Longitude = 064 35.76 W
* NMEA UTC (Time) = Jan 08 2017  08:18:12
* NMEA baud rate = 4800
# nquan = 19
# nvalues = 1136                                  
# units = specified
# name 0 = prDM: Pressure, Digiquartz [db]
# name 1 = depSM: Depth [salt water, m]
# name 2 = t090C: Temperature [ITS-90, deg C]
# name 3 = c0mS/cm: Conductivity [mS/cm]
# name 4 = t190C: Temperature, 2 [ITS-90, deg C]
# name 5 = c1mS/cm: Conductivity, 2 [mS/cm]
# name 6 = sbeox0ML/L: Oxygen, SBE 43 [ml/l]
# name 7 = sbeox1ML/L: Oxygen, SBE 43, 2 [ml/l]
# name 8 = flECO-AFL: Fluorescence, WET Labs ECO-AFL/FL [mg/m^3]
# name 9 = CStarTr0: Beam Transmission, WET Labs C-Star [%]
# name 10 = par: PAR/Irradiance, Biospherical/Licor
# name 11 = latitude: Latitude [deg]
# name 12 = longitude: Longitude [deg]
# name 13 = timeJ: Julian Days
# name 14 = altM: Altimeter [m]
# name 15 = timeS: Time, Elapsed [seconds]
# name 16 = scan: Scan Count
# name 17 = nbf: Bottles Fired
# name 18 = flag:  0.000e+00
# interval = seconds: 0.0416667
# start_time = Jan 08 2017 08:18:12 [NMEA time, header]
# bad_flag = -9.990e-29
*END*
[from data line 305]
    506.325    500.751     1.2952  30.140028     1.2965  30.142510     4.0356     4.0855    -0.0166    99.1780 2.9724e-02  -64.93268  -64.59620   8.388525       8.96   3676.583      88239          7  0.000e+00
    506.383    500.809     1.2950  30.140143     1.2966  30.142452     4.0301     4.0907    -0.0166    99.1780 2.9724e-02  -64.93268  -64.59620   8.388526       8.99   3676.625      88240          7  0.000e+00
    506.325    500.751     1.2949  30.140430     1.2966  30.142393     4.0294     4.0906    -0.0166    99.2045 2.9724e-02  -64.93268  -64.59620   8.388526       8.99   3676.667      88241          7  0.000e+00
    506.325    500.751     1.2947  30.140545     1.2966  30.142801     4.0288     4.0914    -0.0166    99.2045 2.9724e-02  -64.93268  -64.59620   8.388527       8.96   3676.708      88242          7  0.000e+00
    506.400    500.825     1.2950  30.140315     1.2969  30.142510     4.0282     4.0923    -0.0166    99.2309 2.9724e-02  -64.93268  -64.59620   8.388527       8.99   3676.750      88243          7  0.000e+00
    506.325    500.751     1.2948  30.140430     1.2969  30.142393     4.0348     4.0931    -0.0166    99.2045 2.9724e-02  -64.93268  -64.59620   8.388528       8.96   3676.792      88244          7  0.000e+00
    506.325    500.751     1.2950  30.140315     1.2968  30.142626     4.0305     4.0938    -0.0166    99.2045 2.9724e-02  -64.93268  -64.59620   8.388528       8.99   3676.833      88245          7  0.000e+00
    506.383    500.809     1.2950  30.140660     1.2968  30.142510     4.0299     4.0946    -0.0166    99.1780 2.9724e-02  -64.93268  -64.59620   8.388529       8.99   3676.875      88246          7  0.000e+00
    506.383    500.809     1.2952  30.140372     1.2966  30.142626     4.0294     4.0953    -0.0166    99.2045 2.9724e-02  -64.93268  -64.59620   8.388529       8.96   3676.917      88247          7  0.000e+00
    506.342    500.768     1.2952  30.140258     1.2966  30.142219     4.0287     4.0897    -0.0166    99.2045 2.9724e-02  -64.93268  -64.59620   8.388530       8.99   3676.958      88248          7  0.000e+00
    506.325    500.751     1.2949  30.140028     1.2966  30.142102     4.0294     4.0893    -0.0166    99.2045 2.9724e-02  -64.93268  -64.59620   8.388530       8.99   3677.000      88249          7  0.000e+00
    506.383    500.809     1.2950  30.140143     1.2965  30.142335     4.0301     4.0890    -0.0166    99.1780 2.9724e-02  -64.93268  -64.59620   8.388531       8.96   3677.042      88250          7  0.000e+00
    506.325    500.751     1.2949  30.140257     1.2968  30.142568     4.0308     4.0885    -0.0166    99.1780 2.9724e-02  -64.93268  -64.59620   8.388531       8.96   3677.083      88251          7  0.000e+00
    506.383    500.809     1.2950  30.140430     1.2967  30.142685     4.0304     4.0882    -0.0166    99.1780 2.9724e-02  -64.93268  -64.59620   8.388532       8.96   3677.125      88252          7  0.000e+00
    506.275    500.702     1.2952  30.141176     1.2966  30.142451     4.0299     4.0878    -0.0166    99.1780 2.9724e-02  -64.93268  -64.59620   8.388532       8.99   3677.167      88253          7  0.000e+00
    506.508    500.932     1.2952  30.141177     1.2966  30.142801     4.0295     4.0875    -0.0166    99.2045 2.9724e-02  -64.93268  -64.59620   8.388533       8.96   3677.208      88254          7  0.000e+00
    506.325    500.751     1.2955  30.140889     1.2968  30.142568     4.0350     4.0870    -0.0166    99.2045 2.9724e-02  -64.93268  -64.59620   8.388533       8.96   3677.250      88255          7  0.000e+00
    506.383    500.809     1.2955  30.140832     1.2968  30.142394     4.0297     4.0867    -0.0166    99.2045 2.9724e-02  -64.93268  -64.59620   8.388533       8.96   3677.292      88256          7  0.000e+00
    506.384    500.809     1.2953  30.141004     1.2969  30.142801     4.0292     4.0925    -0.0166    99.2045 2.9724e-02  -64.93268  -64.59620   8.388534       8.99   3677.333      88257          7  0.000e+00
    506.384    500.809     1.2953  30.140430     1.2966  30.142335     4.0287     4.0931    -0.0166    99.2045 2.9724e-02  -64.93268  -64.59620   8.388534       8.99   3677.375      88258          7  0.000e+00
    506.400    500.826     1.2952  30.140430     1.2966  30.142335     4.0343     4.0937    -0.0166    99.2045 2.9724e-02  -64.93268  -64.59620   8.388535       8.96   3677.417      88259          7  0.000e+00
    506.384    500.809     1.2953  30.140315     1.2966  30.142394     4.0349     4.0942    -0.0166    99.1780 2.9724e-02  -64.93268  -64.59620   8.388535       8.99   3677.458      88260          7  0.000e+00
    506.384    500.809     1.2947  30.140430     1.2966  30.142161     4.0295     4.0946    -0.0166    99.1780 2.9724e-02  -64.93268  -64.59620   8.388536       8.96   3677.500      88261          7  0.000e+00
    506.384    500.809     1.2948  30.140085     1.2965  30.142510     4.0302     4.0951    -0.0166    99.2045 2.9724e-02  -64.93268  -64.59620   8.388536       8.96   3677.542      88262          7  0.000e+00
    506.450    500.875     1.2947  30.139971     1.2966  30.142103     4.0297     4.0955    -0.0166    99.2045 2.9724e-02  -64.93268  -64.59620   8.388537       8.96   3677.583      88263          7  0.000e+00
    506.400    500.826     1.2945  30.139798     1.2963  30.142277     4.0304     4.0958    -0.0166    99.2045 2.9724e-02  -64.93268  -64.59620   8.388537       8.96   3677.625      88264          7  0.000e+00
    506.384    500.809     1.2940  30.139511     1.2966  30.141928     4.0299     4.0899    -0.0166    99.2045 2.9724e-02  -64.93268  -64.59620   8.388538       8.99   3677.667      88265          7  0.000e+00
    506.384    500.809     1.2941  30.139454     1.2966  30.142044     4.0294     4.0891    -0.0166    99.2045 2.9724e-02  -64.93268  -64.59620   8.388538       8.96   3677.708      88266          7  0.000e+00
    506.509    500.933     1.2941  30.139627     1.2968  30.142336     4.0290     4.0885    -0.0166    99.2045 2.9724e-02  -64.93268  -64.59620   8.388539       8.99   3677.750      88267          7  0.000e+00
    506.384    500.809     1.2944  30.139741     1.2966  30.142161     4.0284     4.0939    -0.0166    99.2045 2.9724e-02  -64.93268  -64.59620   8.388539       8.96   3677.792      88268          8  0.000e+00
    506.384    500.809     1.2945  30.140085     1.2964  30.142335     4.0279     4.0942    -0.0166    99.2045 2.9724e-02  -64.93268  -64.59620   8.388540       8.99   3677.833      88269          8  0.000e+00
    506.467    500.892     1.2947  30.140028     1.2965  30.142394     4.0274     4.0944    -0.0166    99.2045 2.9724e-02  -64.93268  -64.59620   8.388540       8.96   3677.875      88270          8  0.000e+00
    506.451    500.875     1.2948  30.139799     1.2966  30.142568     4.0269     4.0946    -0.0166    99.2045 2.9724e-02  -64.93268  -64.59620   8.388541       8.96   3677.917      88271          8  0.000e+00
    506.451    500.875     1.2947  30.139741     1.2965  30.142277     4.0264     4.0958    -0.0166    99.2045 2.9724e-02  -64.93268  -64.59620   8.388541       8.99   3677.958      88272          8  0.000e+00
    506.451    500.875     1.2945  30.139511     1.2965  30.141870     4.0260     4.0959    -0.0166    99.2045 2.9724e-02  -64.93268  -64.59620   8.388542       8.96   3678.000      88273          8  0.000e+00
    506.451    500.875     1.2945  30.139454     1.2961  30.141812     4.0267     4.0960    -0.0166    99.1780 2.9724e-02  -64.93268  -64.59620   8.388542       8.96   3678.042      88274          8  0.000e+00
    506.467    500.892     1.2941  30.139454     1.2960  30.141870     4.0263     4.0961    -0.0166    99.1780 2.9724e-02  -64.93268  -64.59620   8.388543       8.96   3678.083      88275          8  0.000e+00
    506.451    500.875     1.2943  30.139454     1.2957  30.141812     4.0259     4.0961    -0.0166    99.2045 2.9724e-02  -64.93268  -64.59620   8.388543       8.96   3678.125      88276          8  0.000e+00
    506.509    500.933     1.2942  30.139454     1.2958  30.141463     4.0255     4.0961    -0.0166    99.1780 2.9724e-02  -64.93268  -64.59620   8.388544       8.96   3678.167      88277          8  0.000e+00
    506.451    500.875     1.2943  30.139626     1.2954  30.141463     4.0250     4.0960    -0.0166    99.2045 2.9724e-02  -64.93268  -64.59620   8.388544       8.99   3678.208      88278          8  0.000e+00
    506.451    500.875     1.2941  30.139512     1.2953  30.141695     4.0245     4.0959    -0.0166    99.2045 2.9724e-02  -64.93268  -64.59620   8.388545       8.96   3678.250      88279          8  0.000e+00
    506.526    500.949     1.2940  30.139454     1.2953  30.141463     4.0241     4.0958    -0.0166    99.2045 2.9724e-02  -64.93268  -64.59620   8.388545       8.96   3678.292      88280          8  0.000e+00
    506.451    500.875     1.2941  30.139626     1.2949  30.141055     4.0237     4.0956    -0.0166    99.2045 2.9724e-02  -64.93268  -64.59620   8.388546       8.99   3678.333      88281          8  0.000e+00
    506.509    500.933     1.2941  30.139512     1.2950  30.140997     4.0245     4.0953    -0.0166    99.2045 2.9724e-02  -64.93268  -64.59620   8.388546       8.99   3678.375      88282          8  0.000e+00
    506.509    500.933     1.2942  30.139627     1.2946  30.140590     4.0253     4.0951    -0.0166    99.2045 2.9724e-02  -64.93268  -64.59620   8.388546       8.99   3678.417      88283          8  0.000e+00
    506.509    500.933     1.2941  30.139741     1.2946  30.140823     4.0250     4.0885    -0.0166    99.2045 2.9724e-02  -64.93268  -64.59620   8.388547       8.96   3678.458      88284          8  0.000e+00
    506.451    500.876     1.2944  30.139913     1.2946  30.140532     4.0246     4.0872    -0.0166    99.2309 2.9724e-02  -64.93268  -64.59620   8.388547       8.99   3678.500      88285          8  0.000e+00
    506.526    500.950     1.2945  30.140143     1.2944  30.140241     4.0255     4.0859    -0.0166    99.2309 2.9724e-02  -64.93268  -64.59620   8.388548       8.99   3678.542      88286          8  0.000e+00
    506.509    500.933     1.2947  30.140028     1.2944  30.140357     4.0264     4.0845    -0.0166    99.2309 2.9724e-02  -64.93268  -64.59620   8.388548       8.96   3678.583      88287          8  0.000e+00
    506.509    500.933     1.2947  30.140143     1.2943  30.140241     4.0273     4.0832    -0.0166    99.2309 2.9724e-02  -64.93268  -64.59620   8.388549       8.96   3678.625      88288          8  0.000e+00
    506.509    500.933     1.2947  30.140028     1.2938  30.139892     4.0272     4.0829    -0.0166    99.2045 2.9724e-02  -64.93268  -64.59620   8.388549       8.96   3678.667      88289          8  0.000e+00
    506.576    500.999     1.2950  30.140373     1.2940  30.139834     4.0270     4.0889    -0.0166    99.2045 2.9724e-02  -64.93268  -64.59620   8.388550       8.96   3678.708      88290          8  0.000e+00
    506.526    500.950     1.2947  30.140315     1.2937  30.139484     4.0268     4.0835    -0.0166    99.2045 2.9724e-02  -64.93268  -64.59620   8.388550       8.99   3678.750      88291          8  0.000e+00
    506.509    500.933     1.2950  30.140028     1.2938  30.139310     4.0265     4.0832    -0.0166    99.1780 2.9724e-02  -64.93268  -64.59620   8.388551       8.99   3678.792      88292          8  0.000e+00
    506.509    500.933     1.2948  30.140373     1.2936  30.139310     4.0276     4.0831    -0.0166    99.1252 2.9724e-02  -64.93268  -64.59620   8.388551       8.96   3678.833      88293          8  0.000e+00
    506.576    500.999     1.2949  30.140316     1.2938  30.139543     4.0275     4.0830    -0.0166    99.1252 2.9724e-02  -64.93268  -64.59620   8.388552       8.99   3678.875      88294          8  0.000e+00
    506.509    500.933     1.2949  30.140258     1.2936  30.139775     4.0273     4.0829    -0.0166    99.1516 2.9724e-02  -64.93268  -64.59620   8.388552       8.96   3678.917      88295          8  0.000e+00
    506.576    500.999     1.2953  30.140430     1.2939  30.139659     4.0271     4.0828    -0.0166    99.1780 2.9724e-02  -64.93268  -64.59620   8.388553       8.99   3678.958      88296          8  0.000e+00
    506.526    500.950     1.2952  30.140545     1.2936  30.139601     4.0270     4.0818    -0.0166    99.1780 2.9724e-02  -64.93268  -64.59620   8.388553       8.99   3679.000      88297          8  0.000e+00
    506.576    500.999     1.2953  30.140086     1.2936  30.139601     4.0268     4.0807    -0.0166    99.2045 2.9724e-02  -64.93268  -64.59620   8.388554       8.96   3679.042      88298          8  0.000e+00
    506.509    500.933     1.2952  30.139971     1.2938  30.139833     4.0267     4.0796    -0.0166    99.2045 2.9724e-02  -64.93268  -64.59620   8.388554       8.96   3679.083      88299          8  0.000e+00
    506.576    500.999     1.2947  30.139569     1.2937  30.139659     4.0266     4.0786    -0.0166    99.2045 2.9724e-02  -64.93268  -64.59620   8.388555       8.96   3679.125      88300          8  0.000e+00
    506.509    500.933     1.2947  30.139225     1.2935  30.139601     4.0264     4.0775    -0.0166    99.2045 2.9724e-02  -64.93268  -64.59620   8.388555       8.99   3679.167      88301          8  0.000e+00
    506.593    501.016     1.2944  30.139340     1.2936  30.139601     4.0264     4.0765    -0.0166    99.2045 2.9724e-02  -64.93268  -64.59620   8.388556       8.96   3679.208      88302          8  0.000e+00
    506.509    500.934     1.2941  30.138995     1.2938  30.139601     4.0262     4.0754    -0.0166    99.2045 2.9724e-02  -64.93268  -64.59620   8.388556       8.96   3679.250      88303          8  0.000e+00
    506.576    500.999     1.2941  30.138880     1.2939  30.139601     4.0273     4.0743    -0.0166    99.2309 2.9724e-02  -64.93268  -64.59620   8.388557       8.99   3679.292      88304          8  0.000e+00
    506.576    500.999     1.2939  30.138880     1.2936  30.139601     4.0273     4.0733    -0.0166    99.2309 2.9724e-02  -64.93268  -64.59620   8.388557       8.96   3679.333      88305          8  0.000e+00
    506.510    500.934     1.2935  30.138880     1.2936  30.139601     4.0272     4.0733    -0.0166    99.2309 2.9724e-02  -64.93268  -64.59620   8.388558       8.96   3679.375      88306          8  0.000e+00
    506.576    500.999     1.2935  30.139282     1.2935  30.139775     4.0271     4.0734    -0.0166    99.2309 2.9724e-02  -64.93268  -64.59620   8.388558       8.99   3679.417      88307          8  0.000e+00
    506.526    500.950     1.2934  30.139454     1.2936  30.139892     4.0282     4.0734    -0.0166    99.2309 2.9724e-02  -64.93268  -64.59620   8.388559       8.96   3679.458      88308          8  0.000e+00
    506.576    500.999     1.2935  30.138995     1.2937  30.140299     4.0294     4.0735    -0.0166    99.2045 2.9724e-02  -64.93268  -64.59620   8.388559       8.96   3679.500      88309          8  0.000e+00
    506.510    500.934     1.2935  30.139052     1.2940  30.139950     4.0354     4.0737    -0.0166    99.2045 2.9724e-02  -64.93268  -64.59620   8.388560       8.96   3679.542      88310          8  0.000e+00
    506.576    501.000     1.2934  30.138478     1.2938  30.139659     4.0306     4.0739    -0.0166    99.1780 2.9724e-02  -64.93268  -64.59620   8.388560       8.96   3679.583      88311          8  0.000e+00
    506.510    500.934     1.2935  30.138478     1.2933  30.139775     4.0305     4.0742    -0.0166    99.1780 2.9724e-02  -64.93268  -64.59620   8.388560       8.96   3679.625      88312          8  0.000e+00
    506.526    500.950     1.2935  30.138995     1.2934  30.139251     4.0364     4.0745    -0.0166    99.1780 2.9724e-02  -64.93268  -64.59620   8.388561       8.96   3679.667      88313          8  0.000e+00
