example/processed/LMG1701_004.cnv
* Sea-Bird SBE 9 Data File:
* FileName = C:\Data\CTD\LMG1701\Raw\LMG1701_004.hex
* Software Version Seasave V 7.26.1.8
* Temperature SN = 4573
* Conductivity SN = 2065
* Number of Bytes Per Scan = 37
* Number of Voltage Words = 4
* Number of Scans Averaged by the Deck Unit = 1
* NMEA Latitude = 64 55.95 S
* NMEA Longitude = 064 35.76 W
* NMEA UTC (Time) = Jan 08 2017  08:18:12
* NMEA baud rate = 4800
# nquan = 30
# nvalues = 2423                        
# units = specified
# name 0 = prDM: Pressure, Digiquartz [db]
# name 1 = depSM: Depth [salt water, m]
# name 2 = t090C: Temperature [ITS-90, deg C]
# name 3 = c0mS/cm: Conductivity [mS/cm]
# name 4 = t190C: Temperature, 2 [ITS-90, deg C]
# name 5 = c1mS/cm: Conductivity, 2 [mS/cm]
# name 6 = sbeox0ML/L: Oxygen, SBE 43 [ml/l]
# name 7 = sbeox1ML/L: Oxygen, SBE 43, 2 [ml/l]
# name 8 = flECO-AFL: Fluorescence, WET Labs ECO-AFL/FL [mg/m^3]
# name 9 = CStarTr0: Beam Transmission, WET Labs C-Star [%]
# name 10 = par: PAR/Irradiance, Biospherical/Licor
# name 11 = latitude: Latitude [deg]
# name 12 = longitude: Longitude [deg]
# name 13 = timeJ: Julian Days
# name 14 = altM: Altimeter [m]
# name 15 = timeS: Time, Elapsed [seconds]
# name 16 = scan: Scan Count
# name 17 = density00: Density [density, kg/m^3]
# name 18 = density11: Density, 2 [density, kg/m^3]
# name 19 = sbox0Mm/Kg: Oxygen, SBE 43 [umol/kg]
# name 20 = sbox1Mm/Kg: Oxygen, SBE 43, 2 [umol/kg]
# name 21 = sbeox0PS: Oxygen, SBE 43 [% saturation]
# name 22 = sbeox1PS: Oxygen, SBE 43, 2 [% saturation]
# name 23 = sbeox0ML/Ldiff: Oxygen, SBE 43, Diff, 2 - 1 [ml/l]
# name 24 = sal00: Salinity, Practical [PSU]
# name 25 = sal11: Salinity, Practical, 2 [PSU]
# name 26 = density00: Density [density, kg/m^3]
# name 27 = density11: Density, 2 [density, kg/m^3]
# name 28 = nbin: number of scans per bin
# name 29 = flag: flag
# span 0 =      2.000,   1215.000       
# span 1 =      1.977,   1199.591       
# span 2 =    -0.3627,     2.6967       
# span 3 =  27.967305,  30.547077       
# span 4 =    -0.3615,     2.7082       
# span 5 =  27.963653,  30.548042       
# span 6 =     3.9264,     7.8295       
# span 7 =     3.9814,     7.9738       
# span 8 =    -0.0414,     3.2927       
# span 9 =    74.3332,    99.2651       
# span 10 = 2.9691e-02, 6.7195e+01      
# span 11 =  -64.94519,  -64.93189      
# span 12 =  -64.60679,  -64.59201      
# span 13 =   8.349594,   8.412722      
# span 14 =     -23.27,     112.32      
# span 15 =    312.893,   5767.219      
# span 16 =       7510,     138414      
# span 17 =  1026.7039,  1033.6202      
# span 18 =  1026.7084,  1033.6202      
# span 19 =    170.659,    340.803      
# span 20 =    173.032,    347.094      
# span 21 =     50.705,    103.288      
# span 22 =     51.416,    104.765      
# span 23 =    -0.0983,     0.2210      
# span 24 =    33.4724,    34.6985      
# span 25 =    33.4757,    34.6986      
# span 26 =  1026.7080,  1033.6202      
# span 27 =  1026.7142,  1033.6202      
# span 28 =          1,        101      
# span 29 = 0.0000e+00, 0.0000e+00      
# interval = decibars: 1                
# start_time = Jan 08 2017 08:18:12 [NMEA time, header]
# bad_flag = -9.990e-29
*END*
[from data line 97]
    102.000    100.979     0.3685  28.925707     0.3704  28.928877     5.3107     5.3866 -9.990e-29    98.7679 4.7359e-02  -64.93294  -64.59444   8.352242      98.66    541.678      13001  1028.0620  1028.0636    235.085    238.291     67.877     68.808     0.0738    34.3749    34.3769  1028.0663  1028.0678         30 0.0000e+00
    103.000    101.968     0.3994  28.957805     0.3930  28.953312     5.2793     5.3528 -9.990e-29    98.8236 4.6553e-02  -64.93294  -64.59444   8.352259      98.66    543.166      13037  1028.0683  1028.0701    233.398    236.319     67.446     68.280     0.0672    34.3819    34.3832  1028.0748  1028.0762         43 0.0000e+00
    104.000    102.954     0.4311  28.990812     0.4336  28.994296     5.2486     5.3206 -9.990e-29    98.7763 4.6531e-02  -64.93296  -64.59444   8.352283      98.66    545.235      13087  1028.0805  1028.0814    231.642    234.860     67.000     67.936     0.0740    34.3891    34.3909  1028.0834  1028.0848         52 0.0000e+00
    105.000    103.942     0.4370  29.004089     0.4361  29.004786     5.1940     5.2707 -9.990e-29    98.7574 -9.990e-29  -64.93296  -64.59444   8.352304      98.66    547.081      13131  1028.0906  1028.0923    230.344    233.648     66.638     67.594     0.0760    34.3994    34.4013  1028.0961  1028.0977         36 0.0000e+00
    106.000    104.932     0.4618  29.023143     0.4631  29.026573     5.1994     5.2669 -9.990e-29    98.7608 -9.990e-29  -64.93296  -64.59444   8.352319      98.66    548.377      13162  1028.0962  1028.0982    229.264    232.460     66.370     67.299     0.0735    34.3961    34.3990  1028.0967  1028.0990         28 0.0000e+00
    107.000    105.923     0.3903  28.959066     0.3931  28.963284     5.1941     5.2628     0.0152    98.7550 -9.990e-29  -64.93296  -64.59444   8.352332      98.66    549.490      13189  1028.1049  1028.1068    229.007    232.136     66.173     67.083     0.0720    34.3913    34.3937  1028.1019  1028.1037         26 0.0000e+00
    108.000    106.915     0.3594  28.937746     0.3594  28.940048     5.1558     5.2218     0.0152    98.7571 -9.990e-29  -64.93296  -64.59444   8.352345      98.66    550.571      13215  1028.1150  1028.1170    227.594    230.765     65.714     66.631     0.0730    34.3973    34.4003  1028.1134  1028.1158         26 0.0000e+00
    109.000    107.904     0.3840  28.975043     0.3834  28.975587     5.1419     5.2018     0.0067    98.6651 -9.990e-29  -64.93296  -64.59444   8.352358      98.66    551.691      13242  1028.1257  1028.1273    226.224    229.424     65.365     66.289     0.0736    34.4180    34.4195  1028.1333  1028.1345         28 0.0000e+00
    110.000    108.896     0.4504  29.027383     0.4520  29.030577     5.1457     5.2123     0.0099    98.7187 -9.990e-29  -64.93296  -64.59444   8.352371      98.66    552.891      13270  1028.1280  1028.1296    225.532    228.753     65.278     66.214     0.0741    34.4120    34.4144  1028.1292  1028.1310         30 0.0000e+00
    111.000    109.885     0.4130  28.996546     0.4169  29.000493     5.1274     5.1863    -0.0032    98.7363 -9.990e-29  -64.93296  -64.59444   8.352388      98.66    554.296      13304  1028.1367  1028.1371    225.822    228.756     65.300     66.155     0.0675    34.4126    34.4135  1028.1367  1028.1372         39 0.0000e+00
    112.000    110.873     0.4472  29.032011     0.4440  29.029907     5.1135     5.1794     0.0040    98.8233 -9.990e-29  -64.93296  -64.59444   8.352411      98.66    556.301      13352  1028.1427  1028.1437    223.702    226.413     64.746     65.526     0.0624    34.4204    34.4212  1028.1456  1028.1464         55 0.0000e+00
    113.000    111.859     0.4662  29.051073     0.4676  29.053142     5.0718     5.1476     0.0035    97.2634 4.3151e-02  -64.93296  -64.59444   8.352434      98.66    558.297      13400  1028.1496  1028.1507    223.523    226.400     64.728     65.564     0.0662    34.4236    34.4247  1028.1517  1028.1526         38 0.0000e+00
    114.000    112.850     0.5243  29.113763     0.5180  29.109762     5.0606     5.1342     0.0014    98.8020 4.2718e-02  -64.93296  -64.59444   8.352450      98.66    559.660      13433  1028.1579  1028.1601    222.582    225.056     64.557     65.265     0.0570    34.4401    34.4418  1028.1662  1028.1680         31 0.0000e+00
    115.000    113.842     0.5534  29.136735     0.5524  29.138683     5.0430     5.1063     0.0140    98.8233 4.2169e-02  -64.93297  -64.59444   8.352465      98.66    560.998      13465  1028.1638  1028.1662    222.410    225.013     64.557     65.313     0.0599    34.4370    34.4406  1028.1666  1028.1696         34 0.0000e+00
    116.000    114.830     0.5726  29.161713     0.5688  29.159140     5.0190     5.0811     0.0152    98.8469 3.9762e-02  -64.93298  -64.59444   8.352482      98.66    562.406      13499  1028.1721  1028.1740    221.489    225.020     64.325     65.345     0.0813    34.4476    34.4485  1028.1787  1028.1796         32 0.0000e+00
    117.000    115.818     0.6456  29.229495     0.6438  29.230814     5.0098     5.0680     0.0146    98.8172 -9.990e-29  -64.93298  -64.59445   8.352496      98.64    563.654      13529  1028.1778  1028.1799    220.038    223.077     64.027     64.909     0.0700    34.4541    34.4578  1028.1840  1028.1871         28 0.0000e+00
    118.000    116.811     0.6595  29.241565     0.6601  29.243309     5.0091     5.0716    -0.0056    98.8009 -9.990e-29  -64.93298  -64.59446   8.352509      98.66    564.769      13555  1028.1830  1028.1843    219.928    223.163     64.019     64.962     0.0745    34.4537    34.4553  1028.1875  1028.1887         26 0.0000e+00
    119.000    117.800     0.6642  29.246214     0.6649  29.248544     4.9983     5.0648    -0.0078    98.7516 -9.990e-29  -64.93298  -64.59446   8.352522      98.66    565.940      13584  1028.1882  1028.1899    219.213    221.985     63.819     64.628     0.0638    34.4539    34.4562  1028.1921  1028.1939         31 0.0000e+00
    120.000    118.794     0.6611  29.244178     0.6620  29.246732     4.9894     5.0646    -0.0083    98.6904 3.9780e-02  -64.93298  -64.59446   8.352541      98.65    567.567      13623  1028.1948  1028.1965    218.064    220.735     63.480     64.260     0.0615    34.4541    34.4564  1028.1972  1028.1990         48 0.0000e+00
    121.000    119.776     0.6572  29.244626     0.6577  29.246792     4.9602     5.0249    -0.0057    98.6581 3.9780e-02  -64.93298  -64.59446   8.352564      98.64    569.521      13669  1028.2027  1028.2045    217.711    220.326     63.373     64.136     0.0602    34.4584    34.4607  1028.2056  1028.2074         41 0.0000e+00
    122.000    120.767     0.6806  29.271288     0.6810  29.273363     4.9437     4.9958    -0.0056    98.6483 3.9780e-02  -64.93299  -64.59446   8.352580      98.65    570.939      13704  1028.2122  1028.2139    217.223    220.102     63.273     64.113     0.0663    34.4665    34.4688  1028.2154  1028.2172         29 0.0000e+00
    123.000    121.759     0.6879  29.278121     0.6886  29.280326     4.9498     4.9878    -0.0030    98.6437 -9.990e-29  -64.93300  -64.59446   8.352594      98.66    572.101      13731  1028.2175  1028.2191    216.966    220.307     63.210     64.186     0.0769    34.4667    34.4687  1028.2198  1028.2214         28 0.0000e+00
    124.000    122.751     0.6915  29.282965     0.6921  29.285108     4.9307     4.9963    -0.0052    98.6029 -9.990e-29  -64.93300  -64.59447   8.352609      98.66    573.382      13762  1028.2235  1028.2252    216.403    219.465     63.053     63.947     0.0704    34.4683    34.4705  1028.2256  1028.2273         35 0.0000e+00
    125.000    123.737     0.7009  29.294085     0.7010  29.296078     4.9177     4.9852    -0.0044    98.6275 3.8757e-02  -64.93300  -64.59448   8.352628      98.66    575.060      13802  1028.2299  1028.2319    215.239    217.975     62.730     63.529     0.0630    34.4718    34.4743  1028.2325  1028.2345         43 0.0000e+00
    126.000    124.726     0.7172  29.310498     0.7179  29.312597     4.9110     4.9745    -0.0090    98.5981 3.8239e-02  -64.93300  -64.59448   8.352647      98.66    576.667      13841  1028.2362  1028.2377    215.033    216.712     62.698     63.190     0.0386    34.4743    34.4763  1028.2382  1028.2398         33 0.0000e+00
    127.000    125.718     0.7223  29.317309     0.7229  29.319375     4.8964     4.9655    -0.0091    98.5793 3.6643e-02  -64.93300  -64.59449   8.352662      98.66    577.968      13872  1028.2426  1028.2443    214.571    217.041     62.573     63.295     0.0568    34.4769    34.4790  1028.2447  1028.2463         32 0.0000e+00
    128.000    126.707     0.7259  29.322218     0.7268  29.324647     4.8834     4.9503    -0.0048    98.5162 3.6698e-02  -64.93300  -64.59450   8.352680      98.66    579.592      13911  1028.2492  1028.2509    213.824    216.860     62.362     63.250     0.0699    34.4787    34.4809  1028.2506  1028.2524         47 0.0000e+00
    129.000    127.691     0.7245  29.324075     0.7253  29.326261     4.8657     4.9281    -0.0078    98.4704 -9.990e-29  -64.93300  -64.59450   8.352701      98.66    581.355      13954  1028.2571  1028.2586    213.571    216.213     62.288     63.061     0.0608    34.4821    34.4841  1028.2582  1028.2597         32 0.0000e+00
    130.000    128.683     0.7253  29.325515     0.7260  29.327992     4.8604     4.9232    -0.0096    98.5144 -9.990e-29  -64.93300  -64.59450   8.352714      98.66    582.469      13980  1028.2630  1028.2648    212.876    215.947     62.087     62.985     0.0707    34.4825    34.4849  1028.2632  1028.2651         25 0.0000e+00
    131.000    129.680     0.6882  29.292820     0.6900  29.295930     4.8534     4.9222    -0.0016    98.5283 3.6419e-02  -64.93300  -64.59451   8.352726      98.66    583.499      14005  1028.2711  1028.2727    212.804    215.736     62.008     62.866     0.0675    34.4806    34.4827  1028.2689  1028.2704         27 0.0000e+00
    132.000    130.668     0.6815  29.291801     0.6832  29.294674     4.8481     4.9070    -0.0052    98.5120 3.6419e-02  -64.93300  -64.59453   8.352743      98.66    584.997      14041  1028.2786  1028.2799    211.980    214.814     61.758     62.588     0.0652    34.4862    34.4881  1028.2785  1028.2799         47 0.0000e+00
    133.000    131.652     0.6860  29.296818     0.6869  29.299237     4.8337     4.9032    -0.0086    98.5574 3.6419e-02  -64.93300  -64.59458   8.352767      98.66    587.062      14090  1028.2839  1028.2856    211.291    214.048     61.565     62.371     0.0634    34.4872    34.4893  1028.2837  1028.2854         45 0.0000e+00
    134.000    132.642     0.6852  29.299337     0.6858  29.301607     4.8230     4.8923     0.0074    98.6038 3.6419e-02  -64.93300  -64.59461   8.352785      98.66    588.657      14129  1028.2912  1028.2929    210.945    213.832     61.465     62.308     0.0664    34.4907    34.4930  1028.2914  1028.2931         34 0.0000e+00
    135.000    133.635     0.6910  29.305851     0.6921  29.308565     4.8147     4.8905    -0.0069    98.6069 3.6419e-02  -64.93300  -64.59465   8.352801      26.32    590.031      14162  1028.2964  1028.2982    210.702    213.169     61.403     62.125     0.0568    34.4921    34.4945  1028.2968  1028.2987         33 0.0000e+00
    136.000    134.623     0.7019  29.317961     0.7029  29.320418     4.8099     4.8767    -0.0087    98.6299 3.6419e-02  -64.93300  -64.59467   8.352818      98.66    591.438      14196  1028.3024  1028.3040    210.167    213.176     61.266     62.146     0.0693    34.4952    34.4972  1028.3033  1028.3049         34 0.0000e+00
    137.000    135.612     0.7060  29.322760     0.7067  29.324945     4.8018     4.8683    -0.0089    98.6302 3.5715e-02  -64.93300  -64.59469   8.352834      98.66    592.820      14229  1028.3081  1028.3097    209.910    212.841     61.198     62.055     0.0674    34.4963    34.4983  1028.3087  1028.3102         33 0.0000e+00
    138.000    136.605     0.7078  29.326351     0.7087  29.328666     4.7934     4.8539    -0.0108    98.6475 3.5312e-02  -64.93300  -64.59472   8.352850      98.66    594.235      14263  1028.3142  1028.3158    209.384    212.662     61.048     62.007     0.0754    34.4983    34.5003  1028.3149  1028.3165         36 0.0000e+00
    139.000    137.593     0.7212  29.341010     0.7221  29.342877     4.7893     4.8526    -0.0082    98.6466 3.3660e-02  -64.93300  -64.59473   8.352870      98.65    595.977      14304  1028.3204  1028.3216    209.124    212.106     60.995     61.867     0.0686    34.5018    34.5033  1028.3216  1028.3227         47 0.0000e+00
    140.000    138.577     0.7287  29.348564     0.7294  29.350709     4.7860     4.8549    -0.0123    98.6368 3.3670e-02  -64.93300  -64.59477   8.352892       9.24    597.866      14350  1028.3254  1028.3268    208.660    211.526     60.872     61.710     0.0660    34.5027    34.5047  1028.3265  1028.3281         39 0.0000e+00
    141.000    139.569     0.7384  29.358531     0.7391  29.360418     4.7743     4.8291    -0.0107    98.6226 3.4082e-02  -64.93300  -64.59480   8.352908       9.00    599.263      14383  1028.3307  1028.3321    208.267    210.926     60.773     61.551     0.0612    34.5043    34.5059  1028.3319  1028.3332         30 0.0000e+00
    142.000    140.561     0.7488  29.369613     0.7489  29.371292     4.7694     4.8279    -0.0122    98.6166 3.4183e-02  -64.93300  -64.59482   8.352922       9.09    600.449      14412  1028.3363  1028.3378    208.290    210.660     60.797     61.490     0.0545    34.5065    34.5085  1028.3377  1028.3393         29 0.0000e+00
    143.000    141.554     0.7480  29.369854     0.7486  29.371942     4.7620     4.8198    -0.0105    98.5939 -9.990e-29  -64.93299  -64.59483   8.352937       9.09    601.753      14443  1028.3423  1028.3438    208.011    211.244     60.715     61.660     0.0744    34.5071    34.5091  1028.3430  1028.3446         36 0.0000e+00
    144.000    142.539     0.7488  29.371468     0.7498  29.373952     4.7576     4.8205     0.0014    98.5780 -9.990e-29  -64.93298  -64.59487   8.352958       9.10    603.604      14487  1028.3475  1028.3492    207.744    210.315     60.639     61.392     0.0592    34.5077    34.5099  1028.3482  1028.3498         49 0.0000e+00
    145.000    143.526     0.7381  29.361076     0.7384  29.363432     4.7549     4.8262    -0.0122    98.6103 -9.990e-29  -64.93298  -64.59488   8.352979      51.05    605.345      14529  1028.3529  1028.3550    207.287    209.791     60.488     61.221     0.0576    34.5055    34.5082  1028.3518  1028.3540         34 0.0000e+00
    146.000    144.519     0.7122  29.338852     0.7137  29.341592     4.7561     4.8211    -0.0116    98.6244 -9.990e-29  -64.93298  -64.59491   8.352994      38.01    606.671      14561  1028.3591  1028.3610    206.934    209.484     60.345     61.092     0.0587    34.5049    34.5068  1028.3578  1028.3592         32 0.0000e+00
    147.000    145.511     0.6857  29.315635     0.6837  29.315269     4.7631     4.8315    -0.0130    98.6326 3.3067e-02  -64.93298  -64.59494   8.353013      11.02    608.357      14602  1028.3650  1028.3666    206.783    209.462     60.260     61.038     0.0617    34.5036    34.5053  1028.3632  1028.3648         54 0.0000e+00
    148.000    146.491     0.6784  29.312252     0.6801  29.314675     4.7507     4.8084 -9.990e-29    98.7404 3.3067e-02  -64.93298  -64.59498   8.353039       9.03    610.601      14655  1028.3702  1028.3709    206.634    209.713     60.205     61.105     0.0708    34.5068    34.5080  1028.3710  1028.3719         41 0.0000e+00
    149.000    147.484     0.7332  29.363842     0.7342  29.365867     4.7405     4.7979 -9.990e-29    98.7419 3.3067e-02  -64.93298  -64.59499   8.353054       9.04    611.858      14686  1028.3746  1028.3757    206.706    209.500     60.313     61.130     0.0643    34.5122    34.5138  1028.3765  1028.3776         26 0.0000e+00
