example/processed/LMG1701_004.cnv
* Sea-Bird SBE 9 Data File:
* FileName = C:\Data\CTD\LMG1701\Raw\LMG1701_004.hex
* Software Version Seasave V 7.26.1.8
* Temperature SN = 4573
* Conductivity SN = 2065
* Number of Bytes Per Scan = 37
* Number of Voltage Words = 4
* Number of Scans Averaged by the Deck Unit = 1
* NMEA Latitude = 64 55.95 S
* NMEA Longitude = 064 35.76 W
* NMEA UTC (Time) = Jan 08 2017  08:18:12
* NMEA baud rate = 4800
# nquan = 30
# nvalues = 2423                        
# units = specified
# name 0 = prDM: Pressure, Digiquartz [db]
# name 1 = depSM: Depth [salt water, m]
# name 2 = t090C: Temperature [ITS-90, deg C]
# name 3 = c0mS/cm: Conductivity [mS/cm]
# name 4 = t190C: Temperature, 2 [ITS-90, deg C]
# name 5 = c1mS/cm: Conductivity, 2 [mS/cm]
# name 6 = sbeox0ML/L: Oxygen, SBE 43 [ml/l]
# name 7 = sbeox1ML/L: Oxygen, SBE 43, 2 [ml/l]
# name 8 = flECO-AFL: Fluorescence, WET Labs ECO-AFL/FL [mg/m^3]
# name 9 = CStarTr0: Beam Transmission, WET Labs C-Star [%]
# name 10 = par: PAR/Irradiance, Biospherical/Licor
# name 11 = latitude: Latitude [deg]
# name 12 = longitude: Longitude [deg]
# name 13 = timeJ: Julian Days
# name 14 = altM: Altimeter [m]
# name 15 = timeS: Time, Elapsed [seconds]
# name 16 = scan: Scan Count
# name 17 = density00: Density [density, kg/m^3]
# name 18 = density11: Density, 2 [density, kg/m^3]
# name 19 = sbox0Mm/Kg: Oxygen, SBE 43 [umol/kg]
# name 20 = sbox1Mm/Kg: Oxygen, SBE 43, 2 [umol/kg]
# name 21 = sbeox0PS: Oxygen, SBE 43 [% saturation]
# name 22 = sbeox1PS: Oxygen, SBE 43, 2 [% saturation]
# name 23 = sbeox0ML/Ldiff: Oxygen, SBE 43, Diff, 2 - 1 [ml/l]
# name 24 = sal00: Salinity, Practical [PSU]
# name 25 = sal11: Salinity, Practical, 2 [PSU]
# name 26 = density00: Density [density, kg/m^3]
# name 27 = density11: Density, 2 [density, kg/m^3]
# name 28 = nbin: number of scans per bin
# name 29 = flag: flag
# span 0 =      2.000,   1215.000       
# span 1 =      1.977,   1199.591       
# span 2 =    -0.3627,     2.6967       
# span 3 =  27.967305,  30.547077       
# span 4 =    -0.3615,     2.7082       
# span 5 =  27.963653,  30.548042       
# span 6 =     3.9264,     7.8295       
# span 7 =     3.9814,     7.9738       
# span 8 =    -0.0414,     3.2927       
# span 9 =    74.3332,    99.2651       
# span 10 = 2.9691e-02, 6.7195e+01      
# span 11 =  -64.94519,  -64.93189      
# span 12 =  -64.60679,  -64.59201      
# span 13 =   8.349594,   8.412722      
# span 14 =     -23.27,     112.32      
# span 15 =    312.893,   5767.219      
# span 16 =       7510,     138414      
# span 17 =  1026.7039,  1033.6202      
# span 18 =  1026.7084,  1033.6202      
# span 19 =    170.659,    340.803      
# span 20 =    173.032,    347.094      
# span 21 =     50.705,    103.288      
# span 22 =     51.416,    104.765      
# span 23 =    -0.0983,     0.2210      
# span 24 =    33.4724,    34.6985      
# span 25 =    33.4757,    34.6986      
# span 26 =  1026.7080,  1033.6202      
# span 27 =  1026.7142,  1033.6202      
# span 28 =          1,        101      
# span 29 = 0.0000e+00, 0.0000e+00      
# interval = decibars: 1                
# start_time = Jan 08 2017 08:18:12 [NMEA time, header]
# bad_flag = -9.990e-29
*END*
[from data line 2031]
    393.000    388.777     1.2074  29.999130     1.2070  29.998946     4.1191     4.1716    -0.0192    99.0431 2.9724e-02  -64.93290  -64.59562   8.391597      86.66   3942.010      94609  1029.6113  1029.6117    179.033    181.304     52.937     53.608     0.0523    34.6620    34.6622  1029.6115  1029.6117         43 0.0000e+00
    392.000    387.793     1.2032  29.994039     1.2028  29.994047     4.1184     4.1720    -0.0165    99.0565 2.9724e-02  -64.93290  -64.59562   8.391635      99.06   3945.245      94687  1029.6063  1029.6067    178.873    181.021     52.884     53.519     0.0494    34.6608    34.6612  1029.6062  1029.6065         54 0.0000e+00
    391.000    386.803     1.2052  29.995436     1.2048  29.995699     4.1215     4.1674    -0.0237    99.0583 2.9724e-02  -64.93290  -64.59562   8.391659      56.87   3947.340      94737  1029.6016  1029.6021    179.011    181.210     52.928     53.578     0.0506    34.6609    34.6617  1029.6014  1029.6021         53 0.0000e+00
    390.000    385.818     1.2011  29.990775     1.2028  29.993000     4.1296     4.1794    -0.0253    99.0668 2.9724e-02  -64.93288  -64.59562   8.391684      76.95   3949.489      94789  1029.5966  1029.5973    178.975    181.589     52.911     53.687     0.0602    34.6600    34.6610  1029.5963  1029.5970         46 0.0000e+00
    389.000    384.827     1.1994  29.988579     1.2003  29.989936     4.1289     4.1785    -0.0271    99.0616 2.9724e-02  -64.93288  -64.59562   8.391703      60.29   3951.157      94829  1029.5918  1029.5923    179.072    180.891     52.937     53.476     0.0419    34.6597    34.6604  1029.5915  1029.5921         35 0.0000e+00
    388.000    383.837     1.1983  29.986990     1.1990  29.988140     4.1336     4.1841    -0.0166    99.0583 2.9724e-02  -64.93288  -64.59562   8.391719       9.19   3952.560      94862  1029.5870  1029.5875    179.048    181.138     52.929     53.548     0.0481    34.6595    34.6602  1029.5867  1029.5873         34 0.0000e+00
    387.000    382.848     1.1968  29.985035     1.1976  29.986367     4.1330     4.1804    -0.0166    99.0509 2.9724e-02  -64.93288  -64.59562   8.391738      63.46   3954.137      94900  1029.5821  1029.5827    179.397    181.598     53.030     53.682     0.0507    34.6591    34.6600  1029.5819  1029.5826         44 0.0000e+00
    386.000    381.860     1.1984  29.986425     1.2005  29.989036     4.1210     4.1777    -0.0180    99.0578 2.9724e-02  -64.93287  -64.59562   8.391762      52.00   3956.251      94951  1029.5776  1029.5781    179.472    181.628     53.054     53.695     0.0496    34.6597    34.6607  1029.5775  1029.5782         57 0.0000e+00
    385.000    380.874     1.1983  29.985580     1.2001  29.988160     4.1323     4.1824    -0.0212    99.0555 2.9724e-02  -64.93286  -64.59562   8.391792      90.22   3958.858      95014  1029.5728  1029.5736    179.602    181.697     53.092     53.715     0.0482    34.6594    34.6606  1029.5726  1029.5735         63 0.0000e+00
    384.000    379.884     1.1945  29.981253     1.1970  29.984274     4.1336     4.1905    -0.0247    99.0695 2.9724e-02  -64.93286  -64.59562   8.391819      57.16   3961.152      95069  1029.5678  1029.5686    179.028    181.530     52.917     53.661     0.0576    34.6586    34.6598  1029.5676  1029.5683         49 0.0000e+00
    383.000    378.898     1.1920  29.978265     1.1942  29.981178     4.1402     4.1836    -0.0326    99.0450 2.9724e-02  -64.93284  -64.59562   8.391843      65.67   3963.258      95119  1029.5630  1029.5638    179.485    181.596     53.049     53.676     0.0486    34.6581    34.6594  1029.5627  1029.5636         50 0.0000e+00
    382.000    377.910     1.1902  29.975848     1.1922  29.978473     4.1387     4.1862 -9.990e-29    99.0724 2.9724e-02  -64.93284  -64.59563   8.391865      28.14   3965.139      95164  1029.5581  1029.5588    179.653    182.073     53.096     53.814     0.0557    34.6576    34.6587  1029.5578  1029.5584         39 0.0000e+00
    381.000    376.919     1.1879  29.973059     1.1893  29.974902     4.1427     4.1898    -0.0166    99.0460 2.9724e-02  -64.93284  -64.59564   8.391882       9.18   3966.639      95200  1029.5532  1029.5538    179.627    182.128     53.085     53.826     0.0576    34.6572    34.6580  1029.5529  1029.5534         36 0.0000e+00
    380.000    375.928     1.1859  29.970637     1.1879  29.973316     4.1406     4.1831    -0.0235    99.0543 2.9724e-02  -64.93284  -64.59564   8.391902      36.28   3968.311      95240  1029.5483  1029.5490    179.898    181.768     53.162     53.718     0.0431    34.6568    34.6581  1029.5481  1029.5489         48 0.0000e+00
    379.000    374.944     1.1879  29.972300     1.1907  29.975727     4.1409     4.1861    -0.0219    99.0482 2.9724e-02  -64.93282  -64.59564   8.391931      44.36   3970.810      95300  1029.5438  1029.5446    179.927    181.980     53.174     53.785     0.0472    34.6574    34.6587  1029.5436  1029.5445         59 0.0000e+00
    378.000    373.957     1.1856  29.969339     1.1876  29.971655     4.1418     4.1976    -0.0239    99.0665 2.9724e-02  -64.93282  -64.59564   8.391952      73.18   3972.698      95346  1029.5388  1029.5395    179.906    181.898     53.164     53.756     0.0458    34.6567    34.6574  1029.5386  1029.5390         35 0.0000e+00
    377.000    372.962     1.1842  29.967448     1.1853  29.969059     4.1400     4.1928    -0.0193    99.0580 2.9724e-02  -64.93282  -64.59564   8.391969      13.76   3974.132      95380  1029.5339  1029.5346    180.007    181.613     53.192     53.668     0.0370    34.6563    34.6572  1029.5337  1029.5343         38 0.0000e+00
    376.000    371.979     1.1842  29.967138     1.1846  29.967857     4.1443     4.1877    -0.0166    99.0572 2.9724e-02  -64.93281  -64.59564   8.391999      49.58   3976.733      95443  1029.5293  1029.5298    179.956    182.175     53.177     53.833     0.0511    34.6565    34.6571  1029.5292  1029.5296         42 0.0000e+00
    375.000    370.993     1.1824  29.964653     1.1837  29.966723     4.1452     4.1876    -0.0236    99.0519 2.9724e-02  -64.93280  -64.59564   8.392031       7.48   3979.462      95508  1029.5243  1029.5252    179.922    182.137     53.164     53.821     0.0510    34.6559    34.6571  1029.5241  1029.5250         38 0.0000e+00
    374.000    370.001     1.1826  29.964250     1.1840  29.966297     4.1472     4.1912    -0.0195    99.0531 2.9724e-02  -64.93280  -64.59562   8.392047       9.09   3980.836      95541  1029.5196  1029.5203    179.973    182.057     53.180     53.797     0.0479    34.6558    34.6568  1029.5193  1029.5201         33 0.0000e+00
    373.000    369.011     1.1798  29.961004     1.1810  29.962803     4.1431     4.1995    -0.0166    99.0594 2.9724e-02  -64.93280  -64.59562   8.392063      36.45   3982.269      95575  1029.5147  1029.5154    179.998    182.029     53.183     53.785     0.0467    34.6553    34.6562  1029.5145  1029.5151         37 0.0000e+00
    372.000    368.022     1.1792  29.960029     1.1805  29.961831     4.1477     4.1937    -0.0221    99.0502 2.9724e-02  -64.93280  -64.59564   8.392083       9.62   3983.968      95616  1029.5099  1029.5106    180.129    181.937     53.221     53.757     0.0416    34.6553    34.6562  1029.5098  1029.5104         45 0.0000e+00
    371.000    367.036     1.1795  29.959722     1.1827  29.963632     4.1495     4.1922    -0.0186    99.0473 2.9724e-02  -64.93280  -64.59564   8.392108      94.80   3986.116      95668  1029.5051  1029.5059    180.115    182.239     53.217     53.849     0.0489    34.6551    34.6566  1029.5050  1029.5059         57 0.0000e+00
    370.000    366.048     1.1781  29.957962     1.1813  29.961643     4.1481     4.1910    -0.0166    99.0479 2.9724e-02  -64.93280  -64.59564   8.392134       8.64   3988.384      95722  1029.5004  1029.5012    180.166    182.327     53.230     53.873     0.0497    34.6550    34.6562  1029.5003  1029.5010         51 0.0000e+00
    369.000    365.059     1.1773  29.956656     1.1783  29.958218     4.1501     4.2026    -0.0166    99.0510 2.9724e-02 -9.990e-29 -9.990e-29   8.392160       9.09   3990.589      95775  1029.4956  1029.4962    180.288    182.200     53.265     53.832     0.0440    34.6547    34.6557  1029.4954  1029.4961         52 0.0000e+00
    368.000    364.072     1.1764  29.955296     1.1775  29.956828     4.1530     4.2012    -0.0202    99.0471 2.9724e-02  -64.93278  -64.59563   8.392182       9.09   3992.539      95822  1029.4908  1029.4914    180.327    182.100     53.275     53.801     0.0408    34.6546    34.6554  1029.4907  1029.4913         41 0.0000e+00
    367.000    363.082     1.1739  29.951960     1.1761  29.954744     4.1518     4.2073    -0.0220    99.0032 2.9724e-02  -64.93278  -64.59564   8.392201       9.09   3994.128      95860  1029.4858  1029.4866    180.281    182.154     53.258     53.815     0.0431    34.6537    34.6548  1029.4855  1029.4862         38 0.0000e+00
    366.000    362.090     1.1723  29.950206     1.1738  29.952216     4.1538     4.2022    -0.0169    99.0292 2.9724e-02  -64.93278  -64.59564   8.392223      10.15   3996.045      95906  1029.4811  1029.4817    180.339    182.597     53.273     53.942     0.0520    34.6539    34.6547  1029.4810  1029.4816         57 0.0000e+00
    365.000    361.109     1.1741  29.951209     1.1745  29.952472     4.1600     4.1983    -0.0237    99.0434 2.9724e-02  -64.93276  -64.59564   8.392254     105.05   3998.715      95970  1029.4763  1029.4772    180.459    182.819     53.310     54.009     0.0543    34.6537    34.6549  1029.4761  1029.4770         55 0.0000e+00
    364.000    360.118     1.1696  29.946146     1.1709  29.948121     4.1619     4.2018    -0.0326    99.0385 2.9724e-02  -64.93276  -64.59564   8.392274      42.07   4000.450      96012  1029.4713  1029.4720    180.524    182.542     53.323     53.922     0.0464    34.6528    34.6538  1029.4710  1029.4717         36 0.0000e+00
    363.000    359.125     1.1664  29.941978     1.1685  29.944892     4.1613     4.2138 -9.990e-29    99.0430 2.9724e-02  -64.93276  -64.59564   8.392291      44.63   4001.956      96048  1029.4661  1029.4670    180.518    182.617     53.317     53.940     0.0483    34.6516    34.6530  1029.4656  1029.4665         39 0.0000e+00
    362.000    358.139     1.1663  29.941835     1.1686  29.944992     4.1567     4.2133    -0.0166    98.9914 2.9724e-02  -64.93276  -64.59564   8.392316      35.06   4004.131      96100  1029.4613  1029.4624    180.788    182.445     53.396     53.890     0.0381    34.6521    34.6536  1029.4613  1029.4623         62 0.0000e+00
    361.000    357.154     1.1661  29.940814     1.1675  29.942816     4.1663     4.2099    -0.0259    99.0400 2.9724e-02  -64.93276  -64.59564   8.392344     101.57   4006.477      96156  1029.4565  1029.4574    180.881    182.976     53.424     54.045     0.0482    34.6516    34.6525  1029.4562  1029.4569         43 0.0000e+00
    360.000    356.161     1.1608  29.934800     1.1626  29.937384     4.1670     4.2235    -0.0167    99.0288 2.9724e-02  -64.93276  -64.59564   8.392361      98.65   4008.021      96194  1029.4514  1029.4522    180.541    183.046     53.316     54.058     0.0577    34.6503    34.6516  1029.4509  1029.4519         37 0.0000e+00
    359.000    355.172     1.1575  29.931222     1.1592  29.933418     4.1716     4.2146    -0.0230    99.0255 2.9724e-02  -64.93276  -64.59564   8.392383      52.54   4009.857      96238  1029.4464  1029.4470    180.738    183.103     53.369     54.070     0.0544    34.6499    34.6509  1029.4462  1029.4468         53 0.0000e+00
    358.000    354.187     1.1581  29.931241     1.1589  29.932437     4.1699     4.2122    -0.0241    99.0288 2.9724e-02  -64.93276  -64.59564   8.392409       8.73   4012.101      96291  1029.4416  1029.4422    181.063    183.110     53.466     54.072     0.0471    34.6498    34.6506  1029.4413  1029.4419         51 0.0000e+00
    357.000    353.197     1.1574  29.930053     1.1582  29.931517     4.1700     4.2164    -0.0232    99.0149 2.9724e-02  -64.93276  -64.59564   8.392433       9.12   4014.249      96343  1029.4368  1029.4375    181.182    183.340     53.500     54.139     0.0497    34.6497    34.6507  1029.4366  1029.4373         53 0.0000e+00
    356.000    352.210     1.1554  29.927432     1.1568  29.929390     4.1733     4.2264    -0.0252    98.9409 2.9724e-02  -64.93276  -64.59564   8.392456      36.11   4016.217      96390  1029.4319  1029.4325    181.367    183.006     53.552     54.038     0.0377    34.6492    34.6501  1029.4317  1029.4323         39 0.0000e+00
    355.000    351.218     1.1544  29.925775     1.1558  29.927688     4.1733     4.2305    -0.0276    99.0044 2.9724e-02  -64.93276  -64.59563   8.392473       9.54   4017.702      96426  1029.4269  1029.4275    181.154    183.045     53.487     54.048     0.0435    34.6487    34.6496  1029.4267  1029.4273         36 0.0000e+00
    354.000    350.231     1.1536  29.924492     1.1560  29.927671     4.1707     4.2119    -0.0125    98.9937 2.9724e-02  -64.93276  -64.59562   8.392494      84.96   4019.508      96469  1029.4221  1029.4228    181.191    183.303     53.497     54.124     0.0486    34.6485    34.6499  1029.4219  1029.4228         51 0.0000e+00
    353.000    349.243     1.1528  29.923065     1.1549  29.925657     4.1733     4.2216    -0.0142    98.9681 2.9724e-02  -64.93276  -64.59562   8.392518      19.83   4021.580      96519  1029.4171  1029.4179    181.400    183.711     53.557     54.243     0.0532    34.6482    34.6492  1029.4169  1029.4176         46 0.0000e+00
    352.000    348.254     1.1516  29.921440     1.1525  29.922936     4.1705     4.2253    -0.0234    98.9789 2.9724e-02  -64.93276  -64.59562   8.392542       9.24   4023.599      96567  1029.4124  1029.4131    181.256    183.346     53.513     54.132     0.0481    34.6480    34.6489  1029.4122  1029.4129         53 0.0000e+00
    351.000    347.268     1.1504  29.919646     1.1524  29.922317     4.1824     4.2318    -0.0236    98.9590 2.9724e-02  -64.93276  -64.59561   8.392570       9.11   4026.012      96625  1029.4076  1029.4083    181.292    183.215     53.522     54.093     0.0443    34.6476    34.6488  1029.4073  1029.4081         52 0.0000e+00
    350.000    346.281     1.1469  29.915275     1.1487  29.917825     4.1866     4.2361    -0.0165    98.9852 2.9724e-02  -64.93276  -64.59560   8.392589       9.09   4027.675      96665  1029.4024  1029.4032    181.295    183.741     53.518     54.243     0.0563    34.6465    34.6478  1029.4020  1029.4029         32 0.0000e+00
    349.000    345.286     1.1445  29.912574     1.1462  29.914694     4.1776     4.2377    -0.0171    98.9977 2.9724e-02  -64.93276  -64.59560   8.392604       9.09   4028.955      96696  1029.3975  1029.3981    181.202    183.538     53.487     54.179     0.0537    34.6462    34.6470  1029.3973  1029.3978         32 0.0000e+00
    348.000    344.298     1.1462  29.914047     1.1465  29.914859     4.1776     4.2314    -0.0234    98.9930 -9.990e-29  -64.93275  -64.59560   8.392624      29.20   4030.722      96738  1029.3929  1029.3935    181.681    183.867     53.630     54.277     0.0503    34.6468    34.6475  1029.3929  1029.3934         51 0.0000e+00
    347.000    343.317     1.1452  29.912524     1.1455  29.913460     4.1770     4.2363    -0.0225    98.9866 2.9724e-02  -64.93274  -64.59560   8.392658      88.48   4033.687      96809  1029.3882  1029.3889    181.665    184.174     53.624     54.366     0.0577    34.6465    34.6474  1029.3880  1029.3887         53 0.0000e+00
