example/processed/LMG1701_004.ros
* Sea-Bird SBE 9 Data File:
* FileName = C:\Data\CTD\LMG1701\Raw\LMG1701_004.hex
* Software Version Seasave V 7.26.1.8
* Temperature SN = 4573
* Conductivity SN = 2065
* Number of Bytes Per Scan = 37
* Number of Voltage Words = 4
* Number of Scans Averaged by the Deck Unit = 1
* NMEA Latitude = 64 55.95 S
* NMEA Longitude = 064 35.76 W
* NMEA UTC (Time) = Jan 08 2017  08:18:12
* NMEA baud rate = 4800
# nquan = 19
# nvalues = 1136                                  
# units = specified
# name 0 = prDM: Pressure, Digiquartz [db]
# name 1 = depSM: Depth [salt water, m]
# name 2 = t090C: Temperature [ITS-90, deg C]
# name 3 = c0mS/cm: Conductivity [mS/cm]
# name 4 = t190C: Temperature, 2 [ITS-90, deg C]
# name 5 = c1mS/cm: Conductivity, 2 [mS/cm]
# name 6 = sbeox0ML/L: Oxygen, SBE 43 [ml/l]
# name 7 = sbeox1ML/L: Oxygen, SBE 43, 2 [ml/l]
# name 8 = flECO-AFL: Fluorescence, WET Labs ECO-AFL/FL [mg/m^3]
# name 9 = CStarTr0: Beam Transmission, WET Labs C-Star [%]
# name 10 = par: PAR/Irradiance, Biospherical/Licor
# name 11 = latitude: Latitude [deg]
# name 12 = longitude: Longitude [deg]
# name 13 = timeJ: Julian Days
# name 14 = altM: Altimeter [m]
# name 15 = timeS: Time, Elapsed [seconds]
# name 16 = scan: Scan Count
# name 17 = nbf: Bottles Fired
# name 18 = flag:  0.000e+00
# interval = seconds: 0.0416667
# start_time = Jan 08 2017 08:18:12 [NMEA time, header]
# bad_flag = -9.990e-29
*END*
[from data line 458]
    102.228    101.201     0.2193  28.769788     0.2230  28.772891     5.3885     5.4586     0.0152    98.8080 5.3320e-02  -64.93226  -64.59454   8.400999      98.63   4754.292     114104         10  0.000e+00
    102.228    101.201     0.2190  28.769393     0.2227  28.772662     5.3861     5.4584     0.0152    98.8344 5.3320e-02  -64.93226  -64.59454   8.400999      98.63   4754.333     114105         10  0.000e+00
    102.170    101.144     0.2191  28.769167     0.2224  28.771919     5.3919     5.4571     0.0152    98.8344 5.3320e-02  -64.93226  -64.59454   8.401000      98.63   4754.375     114106         10  0.000e+00
    102.228    101.201     0.2187  28.768547     0.2219  28.771747     5.3932     5.4568     0.0152    98.8344 5.3320e-02  -64.93226  -64.59454   8.401000      98.66   4754.417     114107         10  0.000e+00
    102.170    101.144     0.2185  28.768547     0.2215  28.771575     5.3945     5.4554     0.0152    98.8344 5.3320e-02  -64.93226  -64.59454   8.401001      98.63   4754.458     114108         10  0.000e+00
    102.170    101.144     0.2180  28.767982     0.2209  28.770889     5.3877     5.4550     0.0152    98.8344 5.3320e-02  -64.93226  -64.59454   8.401001      98.66   4754.500     114109         10  0.000e+00
    102.170    101.144     0.2176  28.766967     0.2205  28.769631     5.3869     5.4545     0.0152    98.8344 5.3320e-02  -64.93226  -64.59454   8.401002      98.66   4754.542     114110         10  0.000e+00
    102.203    101.177     0.2176  28.766572     0.2192  28.769116     5.3850     5.4541     0.0152    98.8344 5.3320e-02  -64.93226  -64.59454   8.401002      98.66   4754.583     114111         10  0.000e+00
    102.170    101.144     0.2176  28.766798     0.2156  28.767629     5.3830     5.4539     0.0152    98.8344 5.3320e-02  -64.93226  -64.59454   8.401003      98.66   4754.625     114112         10  0.000e+00
    102.170    101.144     0.2177  28.767418     0.2140  28.765284     5.3834     5.4535     0.0152    98.8608 5.3320e-02  -64.93226  -64.59454   8.401003      98.63   4754.667     114113         10  0.000e+00
    102.113    101.087     0.2180  28.767757     0.2140  28.763683     5.3816     5.4529     0.0152    98.8608 5.3320e-02  -64.93226  -64.59454   8.401004      98.66   4754.708     114114         10  0.000e+00
    102.170    101.144     0.2183  28.767926     0.2138  28.763111     5.3799     5.4522     0.0310    98.8344 5.3320e-02  -64.93226  -64.59454   8.401004      98.66   4754.750     114115         10  0.000e+00
    102.113    101.087     0.2190  28.767644     0.2129  28.762253     5.3805     5.4515     0.0310    98.8344 5.3320e-02  -64.93226  -64.59452   8.401005      98.66   4754.792     114116         10  0.000e+00
    102.113    101.087     0.2180  28.766346     0.2120  28.761967     5.3757     5.4508     0.0310    98.8344 5.3320e-02  -64.93226  -64.59452   8.401005      98.66   4754.833     114117         10  0.000e+00
    102.113    101.087     0.2167  28.764823     0.2119  28.761567     5.3817     5.4499     0.0310    98.8344 5.3320e-02  -64.93226  -64.59452   8.401005      98.66   4754.875     114118         10  0.000e+00
    102.146    101.120     0.2152  28.763131     0.2125  28.761795     5.3808     5.4489     0.0310    98.8344 5.3320e-02  -64.93226  -64.59452   8.401006      98.66   4754.917     114119         10  0.000e+00
    102.046    101.022     0.2138  28.762341     0.2125  28.762596     5.3798     5.4478     0.0310    98.8344 5.3320e-02  -64.93226  -64.59452   8.401006      98.66   4754.958     114120         10  0.000e+00
    102.113    101.087     0.2128  28.762116     0.2131  28.763625     5.3801     5.4478     0.0310    98.8344 5.3320e-02  -64.93226  -64.59452   8.401007      98.66   4755.000     114121         10  0.000e+00
    102.113    101.087     0.2122  28.761947     0.2140  28.764712     5.3815     5.4476     0.0310    98.8344 5.3320e-02  -64.93226  -64.59452   8.401007      98.66   4755.042     114122         10  0.000e+00
    102.047    101.022     0.2114  28.761608     0.2147  28.765570     5.3772     5.4474     0.0310    98.8344 5.3320e-02  -64.93226  -64.59452   8.401008      98.63   4755.083     114123         10  0.000e+00
    102.047    101.022     0.2113  28.761439     0.2151  28.766371     5.3754     5.4473     0.0310    98.8344 5.3320e-02  -64.93226  -64.59452   8.401008      98.66   4755.125     114124         10  0.000e+00
    102.113    101.087     0.2119  28.760988     0.2153  28.767000     5.3749     5.4473     0.0310    98.8344 5.3320e-02  -64.93226  -64.59452   8.401009      98.66   4755.167     114125         10  0.000e+00
    102.047    101.022     0.2111  28.760367     0.2158  28.766714     5.3746     5.4472     0.0310    98.8344 5.3320e-02  -64.93226  -64.59452   8.401009      98.66   4755.208     114126         10  0.000e+00
    202.844    200.758     0.9029  29.578301     0.9040  29.579859     4.4885     4.5381    -0.0007    98.7551 3.3067e-02  -64.93252  -64.59296   8.403773      98.66   4994.000     119857         11  0.000e+00
    202.860    200.774     0.9027  29.578301     0.9037  29.579860     4.4883     4.5380    -0.0007    98.7551 3.3067e-02  -64.93252  -64.59296   8.403774      98.66   4994.042     119858         11  0.000e+00
    202.802    200.717     0.9028  29.578471     0.9037  29.579628     4.4880     4.5379    -0.0007    98.7551 3.3067e-02  -64.93252  -64.59296   8.403774      98.66   4994.083     119859         11  0.000e+00
    202.918    200.832     0.9027  29.578586     0.9037  29.579975     4.4890     4.5380    -0.0007    98.7551 3.3067e-02  -64.93252  -64.59296   8.403775      98.63   4994.125     119860         11  0.000e+00
    202.860    200.774     0.9031  29.578586     0.9038  29.579686     4.4899     4.5380    -0.0007    98.7551 3.3067e-02  -64.93252  -64.59296   8.403775      98.66   4994.167     119861         11  0.000e+00
    202.860    200.774     0.9033  29.578757     0.9037  29.579571     4.4909     4.5381    -0.0007    98.7551 3.3067e-02  -64.93252  -64.59296   8.403776      98.66   4994.208     119862         11  0.000e+00
    202.860    200.774     0.9034  29.578871     0.9037  29.579571     4.4919     4.5382    -0.0007    98.7551 3.3067e-02  -64.93252  -64.59296   8.403776      98.63   4994.250     119863         11  0.000e+00
    202.844    200.758     0.9031  29.578871     0.9037  29.579571     4.4919     4.5384    -0.0007    98.7551 3.3067e-02  -64.93252  -64.59296   8.403777      92.41   4994.292     119864         11  0.000e+00
    202.919    200.832     0.9034  29.578871     0.9037  29.579744     4.4860     4.5386    -0.0007    98.7551 3.3067e-02  -64.93252  -64.59296   8.403777      54.07   4994.333     119865         11  0.000e+00
    202.803    200.717     0.9034  29.578870     0.9038  29.579859     4.4907     4.5388    -0.0007    98.7551 3.3067e-02  -64.93252  -64.59296   8.403777      37.02   4994.375     119866         11  0.000e+00
    202.861    200.774     0.9034  29.579042     0.9036  29.579628     4.4907     4.5391    -0.0007    98.7287 3.3067e-02  -64.93252  -64.59296   8.403778      35.58   4994.417     119867         11  0.000e+00
    202.861    200.774     0.9033  29.579156     0.9037  29.579571     4.4907     4.5384    -0.0007    98.7287 3.3067e-02  -64.93252  -64.59296   8.403778      36.90   4994.458     119868         11  0.000e+00
    202.861    200.774     0.9034  29.579156     0.9037  29.579571     4.4907     4.5387    -0.0007    98.7287 2.9724e-02  -64.93252  -64.59296   8.403779      37.46   4994.500     119869         11  0.000e+00
    202.861    200.774     0.9035  29.578928     0.9036  29.579571     4.4907     4.5391    -0.0007    98.7287 3.3067e-02  -64.93252  -64.59296   8.403779      37.51   4994.542     119870         11  0.000e+00
    202.844    200.758     0.9035  29.579042     0.9036  29.579686     4.4907     4.5395    -0.0007    98.7287 3.3067e-02  -64.93252  -64.59296   8.403780      37.46   4994.583     119871         11  0.000e+00
    202.861    200.774     0.9034  29.578928     0.9036  29.579571     4.4907     4.5399    -0.0007    98.7287 3.3067e-02  -64.93252  -64.59296   8.403780      37.44   4994.625     119872         11  0.000e+00
    202.861    200.774     0.9035  29.579441     0.9034  29.579571     4.4907     4.5404    -0.0007    98.7287 2.9724e-02  -64.93252  -64.59296   8.403781      37.44   4994.667     119873         11  0.000e+00
    202.861    200.774     0.9043  29.579669     0.9036  29.579571     4.4906     4.5409    -0.0007    98.7287 3.3067e-02  -64.93252  -64.59296   8.403781      37.44   4994.708     119874         11  0.000e+00
    202.861    200.774     0.9039  29.579669     0.9036  29.579744     4.4906     4.5415    -0.0007    98.7551 3.3067e-02  -64.93252  -64.59296   8.403782      37.44   4994.750     119875         11  0.000e+00
    202.803    200.717     0.9040  29.579668     0.9034  29.579628     4.4906     4.5420    -0.0007    98.7551 3.3067e-02  -64.93252  -64.59296   8.403782      37.44   4994.792     119876         11  0.000e+00
    202.861    200.775     0.9037  29.579669     0.9034  29.579339     4.4906     4.5427    -0.0007    98.7551 3.3067e-02  -64.93252  -64.59296   8.403783      37.44   4994.833     119877         11  0.000e+00
    202.844    200.758     0.9038  29.579840     0.9036  29.579455     4.4906     4.5434    -0.0007    98.7287 3.3067e-02  -64.93252  -64.59296   8.403783      37.44   4994.875     119878         11  0.000e+00
    202.803    200.717     0.9040  29.579725     0.9032  29.579570     4.4917     4.5431    -0.0007    98.7287 3.3067e-02  -64.93252  -64.59296   8.403784      37.44   4994.917     119879         11  0.000e+00
    202.861    200.775     0.9041  29.579441     0.9034  29.579571     4.4918     4.5428    -0.0007    98.7551 3.3067e-02  -64.93252  -64.59296   8.403784      37.44   4994.958     119880         11  0.000e+00
    202.803    200.717     0.9040  29.579383     0.9036  29.579339     4.4918     4.5435    -0.0007    98.7551 3.3067e-02  -64.93252  -64.59296   8.403785      69.72   4995.000     119881         11  0.000e+00
    202.803    200.717     0.9039  29.579554     0.9032  29.579281     4.4919     4.5443    -0.0007    98.7551 3.3067e-02  -64.93252  -64.59296   8.403785      95.80   4995.042     119882         11  0.000e+00
    202.861    200.775     0.9038  29.579669     0.9036  29.579282     4.4919     4.5451    -0.0007    98.7551 3.3067e-02  -64.93252  -64.59296   8.403786     100.00   4995.083     119883         11  0.000e+00
    202.786    200.701     0.9041  29.579668     0.9032  29.579108     4.4919     4.5459    -0.0007    98.7287 3.3067e-02  -64.93252  -64.59296   8.403786      99.61   4995.125     119884         11  0.000e+00
    202.803    200.717     0.9042  29.579668     0.9034  29.579339     4.4920     4.5468    -0.0007    98.7551 3.3067e-02  -64.93252  -64.59296   8.403787      98.73   4995.167     119885         11  0.000e+00
    202.803    200.717     0.9039  29.579668     0.9032  29.579513     4.4920     4.5467    -0.0007    98.7287 3.3067e-02  -64.93252  -64.59296   8.403787      98.56   4995.208     119886         11  0.000e+00
    202.803    200.717     0.9040  29.579440     0.9031  29.579166     4.4921     4.5476    -0.0007    98.7287 3.3067e-02  -64.93252  -64.59296   8.403788      98.61   4995.250     119887         11  0.000e+00
    202.803    200.717     0.9035  29.579212     0.9036  29.579224     4.4922     4.5475    -0.0007    98.7022 3.3067e-02  -64.93252  -64.59296   8.403788      98.63   4995.292     119888         11  0.000e+00
    202.803    200.717     0.9035  29.579155     0.9032  29.579281     4.4922     4.5475    -0.0007    98.6494 3.3067e-02  -64.93252  -64.59296   8.403789      98.66   4995.333     119889         11  0.000e+00
    202.737    200.652     0.9035  29.579155     0.9032  29.579281     4.4922     4.5474    -0.0007    98.6494 2.9724e-02  -64.93252  -64.59296   8.403789      98.63   4995.375     119890         11  0.000e+00
    202.787    200.701     0.9035  29.578927     0.9031  29.579281     4.4923     4.5475    -0.0007    98.6758 2.9724e-02  -64.93252  -64.59296   8.403790      98.63   4995.417     119891         11  0.000e+00
    202.737    200.652     0.9035  29.578870     0.9034  29.579455     4.4923     4.5473    -0.0007    98.6758 2.9724e-02  -64.93252  -64.59296   8.403790      98.63   4995.458     119892         11  0.000e+00
    202.737    200.652     0.9034  29.578870     0.9032  29.579570     4.4924     4.5473    -0.0007    98.6758 3.3067e-02  -64.93252  -64.59296   8.403791      98.66   4995.500     119893         11  0.000e+00
    202.737    200.652     0.9033  29.578642     0.9037  29.579339     4.4925     4.5472    -0.0007    98.6758 2.9724e-02  -64.93252  -64.59296   8.403791      98.63   4995.542     119894         11  0.000e+00
    202.737    200.652     0.9033  29.578756     0.9036  29.579281     4.4925     4.5472    -0.0007    98.7022 2.9724e-02  -64.93252  -64.59296   8.403791      98.63   4995.583     119895         11  0.000e+00
    202.737    200.652     0.9031  29.578642     0.9036  29.579455     4.4926     4.5472    -0.0007    98.7022 3.3067e-02  -64.93252  -64.59296   8.403792      98.63   4995.625     119896         11  0.000e+00
    202.737    200.652     0.9031  29.578756     0.9038  29.579744     4.4926     4.5481    -0.0007    98.7022 2.9724e-02  -64.93252  -64.59296   8.403792      98.66   4995.667     119897         11  0.000e+00
    202.720    200.636     0.9028  29.578414     0.9034  29.579859     4.4927     4.5481    -0.0166    98.7022 2.9724e-02  -64.93252  -64.59296   8.403793      98.63   4995.708     119898         11  0.000e+00
    202.737    200.652     0.9027  29.578300     0.9037  29.579628     4.4928     4.5481    -0.0166    98.7022 3.3067e-02  -64.93252  -64.59296   8.403793      98.63   4995.750     119899         11  0.000e+00
    202.679    200.595     0.9028  29.578300     0.9037  29.579686     4.4928     4.5540    -0.0166    98.7022 3.3067e-02  -64.93252  -64.59294   8.403794      98.66   4995.792     119900         11  0.000e+00
    202.679    200.595     0.9029  29.578699     0.9037  29.579570     4.4928     4.5490    -0.0166    98.7022 3.3067e-02  -64.93252  -64.59294   8.403794      98.66   4995.833     119901         11  0.000e+00
    202.737    200.652     0.9031  29.578642     0.9038  29.579339     4.4929     4.5490    -0.0166    98.7022 2.9724e-02  -64.93252  -64.59294   8.403795      98.66   4995.875     119902         11  0.000e+00
    202.679    200.595     0.9033  29.578357     0.9039  29.579917     4.4929     4.5489    -0.0166    98.7022 2.9724e-02  -64.93252  -64.59294   8.403795      98.63   4995.917     119903         11  0.000e+00
    202.662    200.578     0.9028  29.578300     0.9037  29.579686     4.4929     4.5488    -0.0166    98.7287 2.9724e-02  -64.93252  -64.59294   8.403796      98.66   4995.958     119904         11  0.000e+00
    202.679    200.595     0.9027  29.577901     0.9037  29.579743     4.4930     4.5488    -0.0166    98.7287 2.9724e-02  -64.93252  -64.59294   8.403796      98.63   4996.000     119905         11  0.000e+00
    202.679    200.595     0.9020  29.577274     0.9029  29.579050     4.4914     4.5458    -0.0166    98.7287 3.3067e-02  -64.93252  -64.59294   8.403803      98.66   4996.542     119918         12  0.000e+00
    202.555    200.472     0.9022  29.576989     0.9029  29.578818     4.4913     4.5458    -0.0166    98.7551 2.9724e-02  -64.93252  -64.59294   8.403803      98.63   4996.583     119919         12  0.000e+00
    202.555    200.472     0.9015  29.576533     0.9028  29.578530     4.4915     4.5459    -0.0166    98.7551 3.3067e-02  -64.93252  -64.59294   8.403804      98.63   4996.625     119920         12  0.000e+00
