example/processed/LMG1701_004.ros
* Sea-Bird SBE 9 Data File:
* FileName = C:\Data\CTD\LMG1701\Raw\LMG1701_004.hex
* Software Version Seasave V 7.26.1.8
* Temperature SN = 4573
* Conductivity SN = 2065
* Number of Bytes Per Scan = 37
* Number of Voltage Words = 4
* Number of Scans Averaged by the Deck Unit = 1
* NMEA Latitude = 64 55.95 S
* NMEA Longitude = 064 35.76 W
* NMEA UTC (Time) = Jan 08 2017  08:18:12
* NMEA baud rate = 4800
# nquan = 19
# nvalues = 1136                                  
# units = specified
# name 0 = prDM: Pressure, Digiquartz [db]
# name 1 = depSM: Depth [salt water, m]
# name 2 = t090C: Temperature [ITS-90, deg C]
# name 3 = c0mS/cm: Conductivity [mS/cm]
# name 4 = t190C: Temperature, 2 [ITS-90, deg C]
# name 5 = c1mS/cm: Conductivity, 2 [mS/cm]
# name 6 = sbeox0ML/L: Oxygen, SBE 43 [ml/l]
# name 7 = sbeox1ML/L: Oxygen, SBE 43, 2 [ml/l]
# name 8 = flECO-AFL: Fluorescence, WET Labs ECO-AFL/FL [mg/m^3]
# name 9 = CStarTr0: Beam Transmission, WET Labs C-Star [%]
# name 10 = par: PAR/Irradiance, Biospherical/Licor
# name 11 = latitude: Latitude [deg]
# name 12 = longitude: Longitude [deg]
# name 13 = timeJ: Julian Days
# name 14 = altM: Altimeter [m]
# name 15 = timeS: Time, Elapsed [seconds]
# name 16 = scan: Scan Count
# name 17 = nbf: Bottles Fired
# name 18 = flag:  0.000e+00
# interval = seconds: 0.0416667
# start_time = Jan 08 2017 08:18:12 [NMEA time, header]
# bad_flag = -9.990e-29
*END*
[from data line 686]
     50.659     50.157    -0.1427  28.176762    -0.1400  28.180548     6.0239     6.0648     0.3485    98.1207 2.7580e-01  -64.93210  -64.59214   8.408406      98.63   5394.292     129464         15  0.000e+00
     50.659     50.157    -0.1420  28.176874    -0.1411  28.179923     6.0249     6.0658     0.3485    98.0943 2.7580e-01  -64.93210  -64.59214   8.408407      98.63   5394.333     129465         15  0.000e+00
     50.717     50.214    -0.1418  28.177266    -0.1426  28.179356     6.0256     6.0666     0.3485    98.1207 2.7580e-01  -64.93210  -64.59214   8.408407      98.66   5394.375     129466         15  0.000e+00
     50.651     50.148    -0.1410  28.177770    -0.1428  28.179242     6.0258     6.0668     0.3485    98.1207 2.7580e-01  -64.93210  -64.59214   8.408408      98.63   5394.417     129467         15  0.000e+00
     50.717     50.214    -0.1386  28.178945    -0.1391  28.180434     6.0255     6.0673     0.3485    98.1207 2.7580e-01  -64.93210  -64.59214   8.408408      98.66   5394.458     129468         15  0.000e+00
     50.717     50.214    -0.1356  28.180456    -0.1334  28.182420     6.0259     6.0722     0.3485    98.1207 2.7580e-01  -64.93210  -64.59214   8.408409      98.66   5394.500     129469         15  0.000e+00
     50.717     50.214    -0.1319  28.182023    -0.1283  28.184123     6.0259     6.0667     0.3485    98.0943 2.7178e-01  -64.93210  -64.59214   8.408409      98.63   5394.542     129470         15  0.000e+00
     50.783     50.279    -0.1281  28.183423    -0.1269  28.185542     6.0316     6.0666     0.3485    98.0943 2.7178e-01  -64.93210  -64.59214   8.408410      98.63   5394.583     129471         15  0.000e+00
     50.717     50.214    -0.1258  28.184318    -0.1277  28.185940     6.0323     6.0726     0.3485    98.0678 2.7178e-01  -64.93210  -64.59214   8.408410      98.63   5394.625     129472         15  0.000e+00
     50.783     50.280    -0.1241  28.184094    -0.1289  28.185940     6.0330     6.0735     0.3485    98.0943 2.7178e-01  -64.93210  -64.59214   8.408410      98.63   5394.667     129473         15  0.000e+00
     50.775     50.271    -0.1244  28.184374    -0.1291  28.185940     6.0335     6.0799     0.3485    98.0678 2.7178e-01  -64.93210  -64.59214   8.408411      98.66   5394.708     129474         15  0.000e+00
     50.717     50.214    -0.1244  28.184710    -0.1286  28.185940     6.0335     6.0808     0.3485    98.0414 2.7178e-01  -64.93210  -64.59214   8.408411      98.66   5394.750     129475         15  0.000e+00
     50.783     50.280    -0.1234  28.184990    -0.1305  28.185543     6.0392     6.0818     0.3485    98.0150 2.7178e-01  -64.93210  -64.59214   8.408412      98.66   5394.792     129476         15  0.000e+00
     50.841     50.337    -0.1224  28.184878    -0.1323  28.185202     6.0397     6.0885     0.3485    98.0150 2.7178e-01  -64.93210  -64.59214   8.408412      98.63   5394.833     129477         15  0.000e+00
     50.783     50.280    -0.1221  28.185158    -0.1328  28.185145     6.0397     6.0895     0.3485    98.0150 2.7178e-01  -64.93210  -64.59214   8.408413      98.63   5394.875     129478         15  0.000e+00
     50.783     50.280    -0.1207  28.185493    -0.1332  28.184635     6.0405     6.0901     0.3644    98.0414 2.7178e-01  -64.93210  -64.59214   8.408413      98.63   5394.917     129479         15  0.000e+00
     50.841     50.337    -0.1190  28.186165    -0.1343  28.183783     6.0410     6.0916     0.3644    98.0678 2.7178e-01  -64.93210  -64.59214   8.408414      98.66   5394.958     129480         15  0.000e+00
     50.841     50.337    -0.1176  28.186389    -0.1331  28.183556     6.0411     6.0923     0.3644    98.0943 2.7178e-01  -64.93210  -64.59214   8.408414      98.66   5395.000     129481         15  0.000e+00
     50.783     50.280    -0.1168  28.186557    -0.1328  28.183556     6.0468     6.0928     0.3644    98.0678 2.7178e-01  -64.93210  -64.59214   8.408415      98.66   5395.042     129482         15  0.000e+00
     50.841     50.337    -0.1170  28.186669    -0.1334  28.183102     6.0477     6.0932     0.3644    98.0678 2.7178e-01  -64.93210  -64.59214   8.408415      98.63   5395.083     129483         15  0.000e+00
     50.841     50.337    -0.1157  28.187005    -0.1340  28.182818     6.0478     6.0932     0.3644    98.0943 2.7178e-01  -64.93210  -64.59214   8.408416      98.63   5395.125     129484         15  0.000e+00
     50.841     50.337    -0.1144  28.187508    -0.1340  28.182932     6.0476     6.0938     0.3644    98.0943 2.7178e-01  -64.93210  -64.59214   8.408416      98.63   5395.167     129485         15  0.000e+00
     50.899     50.394    -0.1127  28.188292    -0.1339  28.182818     6.0529     6.0942     0.3644    98.0943 2.7178e-01  -64.93210  -64.59214   8.408417      98.66   5395.208     129486         15  0.000e+00
     50.841     50.337    -0.1111  28.188292    -0.1328  28.182534     6.0589     6.1002     0.3644    98.0943 2.7178e-01  -64.93210  -64.59214   8.408417      98.66   5395.250     129487         15  0.000e+00
     50.841     50.337    -0.1099  28.189188    -0.1312  28.182250     6.0597     6.1006     0.3644    98.0943 2.7178e-01  -64.93210  -64.59214   8.408418      98.63   5395.292     129488         15  0.000e+00
     50.899     50.394    -0.1078  28.189132    -0.1305  28.182534     6.0612     6.1009     0.3644    98.0678 2.7178e-01  -64.93210  -64.59214   8.408418      98.66   5395.333     129489         15  0.000e+00
     50.841     50.337    -0.1065  28.189579    -0.1330  28.182137     6.0622     6.1013     0.3644    98.0678 2.7178e-01  -64.93210  -64.59214   8.408419      98.66   5395.375     129490         16  0.000e+00
     50.899     50.394    -0.1053  28.189803    -0.1330  28.182534     6.0629     6.1010     0.3644    98.0678 2.7178e-01  -64.93210  -64.59214   8.408419      98.66   5395.417     129491         16  0.000e+00
     50.899     50.394    -0.1044  28.189803    -0.1319  28.183726     6.0703     6.1002     0.3644    98.0943 2.7178e-01  -64.93210  -64.59214   8.408420      98.63   5395.458     129492         16  0.000e+00
     50.899     50.394    -0.1038  28.189971    -0.1323  28.184067     6.0784     6.0993     0.3644    98.0943 2.7178e-01  -64.93210  -64.59214   8.408420      98.63   5395.500     129493         16  0.000e+00
     50.842     50.337    -0.1039  28.189635    -0.1342  28.184237     6.0814     6.0982     0.3644    98.0943 2.7178e-01  -64.93210  -64.59214   8.408421      98.66   5395.542     129494         16  0.000e+00
     50.718     50.215    -0.1041  28.189691    -0.1342  28.184691     6.0838     6.0965     0.3644    98.1207 2.7178e-01  -64.93210  -64.59214   8.408421      98.66   5395.583     129495         16  0.000e+00
     51.090     50.583    -0.1048  28.189580    -0.1311  28.185884     6.0922     6.1005     0.3644    98.1207 2.7178e-01  -64.93210  -64.59214   8.408422      98.63   5395.625     129496         16  0.000e+00
     50.899     50.395    -0.1056  28.189523    -0.1276  28.186792     6.0948     6.0924     0.3644    98.0943 2.7178e-01  -64.93210  -64.59214   8.408422      98.66   5395.667     129497         16  0.000e+00
     50.900     50.395    -0.1057  28.189131    -0.1266  28.187019     6.0970     6.0968     0.3644    98.0943 2.7178e-01  -64.93210  -64.59214   8.408423      98.66   5395.708     129498         16  0.000e+00
     50.900     50.395    -0.1059  28.189187    -0.1237  28.187870     6.0927     6.0954     0.3644    98.0943 2.6777e-01  -64.93210  -64.59214   8.408423      98.66   5395.750     129499         16  0.000e+00
     50.900     50.395    -0.1060  28.189075    -0.1164  28.189288     6.0986     6.0930     0.3644    98.0943 2.7178e-01  -64.93210  -64.59214   8.408424      98.66   5395.792     129500         16  0.000e+00
     50.900     50.395    -0.1060  28.188627    -0.1157  28.190083     6.0993     6.0984     0.3644    98.1207 2.7178e-01  -64.93210  -64.59214   8.408424      98.63   5395.833     129501         16  0.000e+00
     50.966     50.460    -0.1064  28.188292    -0.1142  28.190821     6.1007     6.0983     0.3644    98.1207 2.7178e-01  -64.93210  -64.59214   8.408424      98.63   5395.875     129502         16  0.000e+00
     50.900     50.395    -0.1065  28.187788    -0.1135  28.190821     6.1074     6.0979     0.3802    98.1207 2.7178e-01  -64.93210  -64.59214   8.408425      98.63   5395.917     129503         16  0.000e+00
     50.900     50.395    -0.1068  28.186892    -0.1148  28.190140     6.1148     6.0975     0.3802    98.1207 2.7178e-01  -64.93210  -64.59214   8.408425      98.63   5395.958     129504         16  0.000e+00
     50.900     50.395    -0.1082  28.186220    -0.1131  28.189742     6.1170     6.0903     0.3802    98.1207 2.7178e-01  -64.93210  -64.59214   8.408426      98.66   5396.000     129505         16  0.000e+00
     50.900     50.395    -0.1119  28.185437    -0.1116  28.189288     6.1190     6.0951     0.3802    98.1207 2.7178e-01  -64.93210  -64.59214   8.408426      98.63   5396.042     129506         16  0.000e+00
     50.966     50.460    -0.1161  28.185270    -0.1111  28.188039     6.1205     6.0947     0.3961    98.0943 2.7178e-01  -64.93210  -64.59214   8.408427      98.63   5396.083     129507         16  0.000e+00
     50.900     50.395    -0.1182  28.185102    -0.1153  28.187585     6.1223     6.0945     0.3961    98.0943 2.7178e-01  -64.93210  -64.59214   8.408427      98.66   5396.125     129508         16  0.000e+00
     50.900     50.395    -0.1193  28.185214    -0.1192  28.187756     6.1234     6.0940     0.3961    98.0943 2.7178e-01  -64.93210  -64.59214   8.408428      98.66   5396.167     129509         16  0.000e+00
     50.900     50.395    -0.1192  28.185326    -0.1212  28.188210     6.1238     6.0940     0.3961    98.0943 2.7178e-01  -64.93210  -64.59214   8.408428      98.63   5396.208     129510         16  0.000e+00
     50.900     50.395    -0.1186  28.185494    -0.1223  28.188551     6.1236     6.0926     0.3961    98.0678 2.7178e-01  -64.93210  -64.59214   8.408429      98.66   5396.250     129511         16  0.000e+00
     50.900     50.395    -0.1173  28.185605    -0.1229  28.188665     6.1228     6.0918     0.3961    98.0678 2.7178e-01  -64.93210  -64.59214   8.408429      98.66   5396.292     129512         16  0.000e+00
     50.900     50.395    -0.1171  28.185605    -0.1225  28.188835     6.1287     6.0907     0.3961    98.0943 2.7178e-01  -64.93210  -64.59214   8.408430      98.66   5396.333     129513         16  0.000e+00
     50.900     50.395    -0.1164  28.184989    -0.1234  28.189459     6.1293     6.0895     0.3961    98.0943 2.7178e-01  -64.93210  -64.59214   8.408430      98.66   5396.375     129514         16  0.000e+00
     50.900     50.395    -0.1168  28.184374    -0.1238  28.189857     6.1295     6.0879     0.3961    98.0943 2.7178e-01  -64.93210  -64.59214   8.408431      98.63   5396.417     129515         16  0.000e+00
     50.900     50.395    -0.1185  28.184430    -0.1236  28.190254     6.1353     6.0861     0.3961    98.0943 2.7178e-01  -64.93210  -64.59214   8.408431      98.63   5396.458     129516         16  0.000e+00
     50.900     50.395    -0.1190  28.184542    -0.1220  28.190027     6.1356     6.0838     0.3961    98.0943 2.7178e-01  -64.93210  -64.59214   8.408432      98.66   5396.500     129517         16  0.000e+00
     50.842     50.338    -0.1182  28.185101    -0.1208  28.189345     6.1350     6.0824     0.3961    98.0678 2.7178e-01  -64.93210  -64.59214   8.408432      98.66   5396.542     129518         16  0.000e+00
     50.900     50.395    -0.1182  28.185493    -0.1228  28.188551     6.1341     6.0803     0.3961    98.0943 2.7178e-01  -64.93210  -64.59214   8.408433      98.63   5396.583     129519         16  0.000e+00
     50.900     50.395    -0.1181  28.185773    -0.1232  28.187927     6.1337     6.0776     0.3961    98.0943 2.7178e-01  -64.93210  -64.59214   8.408433      98.66   5396.625     129520         16  0.000e+00
     50.842     50.338    -0.1179  28.185997    -0.1228  28.187018     6.1328     6.0817     0.3961    98.0943 2.7178e-01  -64.93210  -64.59214   8.408434      98.66   5396.667     129521         16  0.000e+00
     50.900     50.395    -0.1175  28.185717    -0.1248  28.186564     6.1314     6.0747     0.3961    98.0943 2.7178e-01  -64.93210  -64.59214   8.408434      98.63   5396.708     129522         16  0.000e+00
     50.842     50.338    -0.1172  28.185605    -0.1274  28.186053     6.1294     6.0737     0.3961    98.0943 2.7178e-01  -64.93210  -64.59214   8.408435      98.66   5396.750     129523         16  0.000e+00
     50.900     50.395    -0.1184  28.185382    -0.1279  28.185827     6.1332     6.0784     0.3961    98.0678 2.7178e-01  -64.93210  -64.59214   8.408435      98.66   5396.792     129524         16  0.000e+00
     50.842     50.338    -0.1193  28.185325    -0.1279  28.185486     6.1326     6.0775     0.3802    98.0678 2.7178e-01  -64.93210  -64.59214   8.408436      98.66   5396.833     129525         16  0.000e+00
     50.842     50.338    -0.1201  28.184710    -0.1279  28.185202     6.1256     6.0776     0.3644    98.0678 2.7178e-01  -64.93210  -64.59214   8.408436      98.63   5396.875     129526         16  0.000e+00
     50.842     50.338    -0.1202  28.184710    -0.1289  28.185145     6.1288     6.0776     0.3644    98.0678 2.7178e-01  -64.93210  -64.59214   8.408437      98.66   5396.917     129527         16  0.000e+00
     50.842     50.338    -0.1207  28.184374    -0.1295  28.184918     6.1267     6.0774     0.3485    98.0943 2.7178e-01  -64.93210  -64.59214   8.408437      98.66   5396.958     129528         16  0.000e+00
     50.842     50.338    -0.1214  28.183870    -0.1297  28.184861     6.1300     6.0770     0.3326    98.0943 2.7178e-01  -64.93210  -64.59214   8.408437      98.63   5397.000     129529         16  0.000e+00
     50.842     50.338    -0.1225  28.183310    -0.1294  28.184691     6.1281     6.0764     0.3326    98.0943 2.7178e-01  -64.93210  -64.59214   8.408438      98.66   5397.042     129530         16  0.000e+00
     50.842     50.338    -0.1242  28.183367    -0.1299  28.184805     6.1268     6.0757     0.3326    98.0678 2.7178e-01  -64.93210  -64.59214   8.408438      98.66   5397.083     129531         16  0.000e+00
     50.842     50.338    -0.1248  28.183255    -0.1300  28.184861     6.1249     6.0747     0.3326    98.0678 2.7178e-01  -64.93210  -64.59214   8.408439      98.66   5397.125     129532         16  0.000e+00
     50.785     50.281    -0.1258  28.183199    -0.1300  28.185032     6.1224     6.0736     0.3326    98.0678 2.7178e-01  -64.93210  -64.59214   8.408439      98.66   5397.167     129533         16  0.000e+00
     50.842     50.338    -0.1265  28.183031    -0.1303  28.184805     6.1195     6.0724     0.3326    98.0943 2.7178e-01  -64.93210  -64.59214   8.408440      98.63   5397.208     129534         16  0.000e+00
     50.785     50.281    -0.1268  28.183143    -0.1300  28.184805     6.1230     6.0709     0.3326    98.0943 2.7178e-01  -64.93210  -64.59214   8.408440      98.63   5397.250     129535         16  0.000e+00
     50.842     50.338    -0.1276  28.183031    -0.1297  28.185032     6.1166     6.0703     0.3326    98.0943 2.7178e-01  -64.93210  -64.59214   8.408441      98.66   5397.292     129536         16  0.000e+00
     50.785     50.281    -0.1280  28.183143    -0.1293  28.185145     6.1144     6.0695     0.3326    98.0943 2.7178e-01  -64.93210  -64.59214   8.408441      98.63   5397.333     129537         16  0.000e+00
     50.776     50.273    -0.1290  28.182807    -0.1293  28.185315     6.1120     6.0687     0.3326    98.0943 2.7178e-01  -64.93210  -64.59214   8.408442      98.63   5397.375     129538         16  0.000e+00
